<!DOCTYPE HTML>
<html>
  <head>
    <meta charset="UTF-8">
    <title>Tomtom Results</title>
    <script>
      // @JSON_VAR data
      var data = {
        "program": "Tomtom",
        "version": "5.3.3",
        "release": "Sun Feb 7 15:39:52 2021 -0800",
        "cmd": [
          "tomtom", "-no-ssc", "-oc", ".", "-verbosity", "1", "-min-overlap",
          "5", "-dist", "pearson", "-evalue", "-thresh", "1.0",
          "allModels_pwm_crop11bp_minSeqlets100.txt",
          "db/HUMAN/HOCOMOCOv11_full_HUMAN_mono_meme_format.meme",
          "db/MOUSE/HOCOMOCOv11_full_MOUSE_mono_meme_format.meme"
        ],
        "options": {
          "strands": "both",
          "distance_measure": "pearson",
          "threshold_type": "evalue",
          "threshold_value": 1,
          "background_source": "--query--"
        },
        "alphabet": {
          "name": "DNA",
          "like": "dna",
          "ncore": 4,
          "symbols": [
            {
              "symbol": "A",
              "name": "Adenine",
              "colour": "CC0000",
              "complement": "T"
            }, {
              "symbol": "C",
              "name": "Cytosine",
              "colour": "0000CC",
              "complement": "G"
            }, {
              "symbol": "G",
              "name": "Guanine",
              "colour": "FFB300",
              "complement": "C"
            }, {
              "symbol": "T",
              "aliases": "U",
              "name": "Thymine",
              "colour": "008000",
              "complement": "A"
            }, {
              "symbol": "N",
              "aliases": "X.",
              "name": "Any base",
              "equals": "ACGT"
            }, {
              "symbol": "V",
              "name": "Not T",
              "equals": "ACG"
            }, {
              "symbol": "H",
              "name": "Not G",
              "equals": "ACT"
            }, {
              "symbol": "D",
              "name": "Not C",
              "equals": "AGT"
            }, {
              "symbol": "B",
              "name": "Not A",
              "equals": "CGT"
            }, {
              "symbol": "M",
              "name": "Amino",
              "equals": "AC"
            }, {
              "symbol": "R",
              "name": "Purine",
              "equals": "AG"
            }, {
              "symbol": "W",
              "name": "Weak",
              "equals": "AT"
            }, {
              "symbol": "S",
              "name": "Strong",
              "equals": "CG"
            }, {
              "symbol": "Y",
              "name": "Pyrimidine",
              "equals": "CT"
            }, {
              "symbol": "K",
              "name": "Keto",
              "equals": "GT"
            }
          ]
        },
        "background": [0.25, 0.25, 0.25, 0.25],
        "query_dbs": [
          {
            "source": "allModels_pwm_crop11bp_minSeqlets100.txt",
            "name": "allModels_pwm_crop11bp_minSeqlets100.txt",
            "loaded": 302,
            "excluded": 0,
            "last_modified": "Wed Apr 14 07:52:47 2021"
          }
        ],
        "target_dbs": [
          {
            "source": "db/HUMAN/HOCOMOCOv11_full_HUMAN_mono_meme_format.meme",
            "name": "HOCOMOCOv11_full_HUMAN_mono_meme_format",
            "loaded": 769,
            "excluded": 0,
            "last_modified": "Mon Dec 14 11:53:07 2020"
          }, {
            "source": "db/MOUSE/HOCOMOCOv11_full_MOUSE_mono_meme_format.meme",
            "name": "HOCOMOCOv11_full_MOUSE_mono_meme_format",
            "loaded": 531,
            "excluded": 0,
            "last_modified": "Mon Dec 14 11:53:07 2020"
          }
        ],
        "queries": [
          {
            "db": 0,
            "id": "Mo2015_EXCpos_Ctx_fold1_1.fwd",
            "len": 11,
            "nsites": 1113,
            "pwm": [
              [0.37016, 0.204856, 0.199465, 0.225519], 
              [0.229112, 0.360278, 0.184193, 0.226417], 
              [0.355786, 0.0683002, 0.336021, 0.239893], 
              [0.0476372, 0.821153, 0.100642, 0.0305678], 
              [0.312663, 0.0431453, 0.0485356, 0.595656], 
              [0.0620115, 0.134781, 0.712447, 0.09076], 
              [0.401604, 0.0404501, 0.0341614, 0.523785], 
              [0.053926, 0.00451442, 0.877751, 0.0638083], 
              [0.0799793, 0.83373, 0.0188887, 0.0674019], 
              [0.389026, 0.0862681, 0.0620115, 0.462694], 
              [0.21384, 0.153647, 0.47078, 0.161733]
            ]
          }, {
            "db": 0,
            "id": "Mo2015_EXCpos_Ctx_fold1_10.fwd",
            "len": 11,
            "nsites": 297,
            "pwm": [
              [0.488135, 0.0472063, 0.148182, 0.316476], 
              [0.00345002, 8.41468e-05, 0.996382, 8.41468e-05], 
              [0.0101818, 0.972821, 0.0101818, 0.00681589], 
              [0.945894, 0.00681589, 0.0101818, 0.0371087], 
              [0.030377, 0.0202794, 0.895406, 0.0539381], 
              [0.195305, 0.676624, 0.0741333, 0.0539381], 
              [0.380427, 0.2155, 0.124621, 0.279451], 
              [0.222232, 0.124621, 0.319842, 0.333305], 
              [0.138085, 0.208768, 0.454477, 0.19867], 
              [0.235695, 0.356866, 0.185207, 0.222232], 
              [0.309744, 0.19867, 0.19867, 0.292915]
            ]
          }, {
            "db": 0,
            "id": "Mo2015_EXCpos_Ctx_fold1_11.fwd",
            "len": 11,
            "nsites": 193,
            "pwm": [
              [0.279777, 0.212455, 0.160668, 0.3471], 
              [0.150311, 0.155489, 0.171025, 0.523175], 
              [0.176204, 0.0726308, 0.388529, 0.362636], 
              [0.331564, 0.196919, 0.331564, 0.139953], 
              [0.978897, 0.0156655, 0.00530813, 0.000129467], 
              [0.96854, 0.0104868, 0.00530813, 0.0156655], 
              [0.921932, 0.0260228, 0.0363801, 0.0156655], 
              [0.124417, 0.0363801, 0.0156655, 0.823537], 
              [0.0104868, 0.0208441, 0.958182, 0.0104868], 
              [0.186561, 0.398887, 0.0312015, 0.383351], 
              [0.450673, 0.0312015, 0.367815, 0.150311]
            ]
          }, {
            "db": 0,
            "id": "Mo2015_EXCpos_Ctx_fold1_12.fwd",
            "len": 11,
            "nsites": 122,
            "pwm": [
              [0.0739148, 0.311425, 0.0411548, 0.573505], 
              [0.0411548, 0.0493448, 0.802826, 0.106675], 
              [0.0411548, 0.942056, 0.0165848, 0.00020475], 
              [0.00020475, 0.983006, 0.00839476, 0.00839476], 
              [0.589885, 0.360565, 0.0165848, 0.0329648], 
              [0.00839476, 0.491605, 0.00020475, 0.499795], 
              [0.00020475, 0.999386, 0.00020475, 0.00020475], 
              [0.0165848, 0.0493448, 0.0165848, 0.917486], 
              [0.409705, 0.0247748, 0.409705, 0.155815], 
              [0.00839476, 0.327805, 0.647215, 0.0165848], 
              [0.0902948, 0.0329648, 0.00020475, 0.876536]
            ]
          }, {
            "db": 0,
            "id": "Mo2015_EXCpos_Ctx_fold1_13.fwd",
            "len": 11,
            "nsites": 111,
            "pwm": [
              [0.342259, 0.171242, 0.180243, 0.306256], 
              [0.306256, 0.189244, 0.216247, 0.288254], 
              [0.000225023, 0.000225023, 0.000225023, 0.999325], 
              [0.000225023, 0.000225023, 0.000225023, 0.999325], 
              [0.990324, 0.000225023, 0.00922592, 0.000225023], 
              [0.000225023, 0.0452295, 0.000225023, 0.95432], 
              [0.261251, 0.000225023, 0.738299, 0.000225023], 
              [0.000225023, 0.117237, 0.000225023, 0.882313], 
              [0.981323, 0.0182268, 0.000225023, 0.000225023], 
              [0.990324, 0.000225023, 0.000225023, 0.00922592], 
              [0.279253, 0.342259, 0.189244, 0.189244]
            ]
          }, {
            "db": 0,
            "id": "Mo2015_EXCpos_Ctx_fold1_14.fwd",
            "len": 11,
            "nsites": 132,
            "pwm": [
              [0.15159, 0.0834595, 0.38626, 0.37869], 
              [0.10617, 0.0531794, 0.787472, 0.0531794], 
              [0.0985995, 0.0834595, 0.507381, 0.31056], 
              [0.0228993, 0.0228993, 0.923732, 0.0304693], 
              [0.0758895, 0.0456094, 0.605791, 0.27271], 
              [0.0531794, 0.0456094, 0.810182, 0.0910295], 
              [0.13645, 0.0380394, 0.545231, 0.28028], 
              [0.0380394, 0.000189251, 0.954012, 0.00775927], 
              [0.15916, 0.0304693, 0.41654, 0.39383], 
              [0.0758895, 0.00775927, 0.885882, 0.0304693], 
              [0.0153293, 0.00775927, 0.787472, 0.18944]
            ]
          }, {
            "db": 0,
            "id": "Mo2015_EXCpos_Ctx_fold1_15.fwd",
            "len": 11,
            "nsites": 110,
            "pwm": [
              [0.445277, 0.290872, 0.163715, 0.100136], 
              [0.127384, 0.835831, 0.00930972, 0.027475], 
              [0.917575, 0.000227066, 0.0365577, 0.0456403], 
              [0.0183924, 0.00930972, 0.953906, 0.0183924], 
              [0.0910536, 0.844914, 0.0365577, 0.027475], 
              [0.345368, 0.31812, 0.0819709, 0.254541], 
              [0.163715, 0.027475, 0.327203, 0.481608], 
              [0.054723, 0.027475, 0.835831, 0.0819709], 
              [0.0910536, 0.690509, 0.0910536, 0.127384], 
              [0.372616, 0.127384, 0.136467, 0.363533], 
              [0.227293, 0.281789, 0.163715, 0.327203]
            ]
          }, {
            "db": 0,
            "id": "Mo2015_EXCpos_Ctx_fold1_2.fwd",
            "len": 11,
            "nsites": 1010,
            "pwm": [
              [0.280195, 0.225745, 0.288115, 0.205945], 
              [0.236635, 0.173275, 0.244555, 0.345535], 
              [0.213865, 0.150505, 0.535615, 0.100015], 
              [0.295045, 0.174265, 0.0960548, 0.434635], 
              [0.0128948, 0.00596476, 0.979136, 0.00200475], 
              [0.0574448, 0.0564548, 0.244555, 0.641545], 
              [0.276235, 0.0128948, 0.696985, 0.0138848], 
              [0.0128948, 0.0416048, 0.924686, 0.0208148], 
              [0.00596476, 0.00794476, 0.980126, 0.00596476], 
              [0.411865, 0.213865, 0.0237848, 0.350485], 
              [0.131695, 0.0307148, 0.718765, 0.118825]
            ]
          }, {
            "db": 0,
            "id": "Mo2015_EXCpos_Ctx_fold1_3.fwd",
            "len": 11,
            "nsites": 603,
            "pwm": [
              [0.303474, 0.232175, 0.23715, 0.227201], 
              [0.288551, 0.180774, 0.194039, 0.336636], 
              [0.235492, 0.262021, 0.242124, 0.260363], 
              [0.14927, 0.217253, 0.278602, 0.354875], 
              [0.137664, 0.421199, 0.257047, 0.184091], 
              [0.147612, 0.0215968, 0.00501575, 0.825775], 
              [0.00169955, 4.14525e-05, 0.895415, 0.102844], 
              [0.00169955, 0.983295, 0.0116482, 0.00335765], 
              [0.0215968, 0.93521, 4.14525e-05, 0.043152], 
              [0.9435, 0.0182806, 0.00335765, 0.0348615], 
              [0.706392, 0.00335765, 0.285235, 0.00501575]
            ]
          }, {
            "db": 0,
            "id": "Mo2015_EXCpos_Ctx_fold1_4.fwd",
            "len": 11,
            "nsites": 478,
            "pwm": [
              [0.315886, 0.190389, 0.28242, 0.211305], 
              [0.274054, 0.179931, 0.330527, 0.215488], 
              [0.566879, 0.16529, 0.159015, 0.108816], 
              [0.535505, 0.167381, 0.28242, 0.0146936], 
              [5.22903e-05, 0.999843, 5.22903e-05, 5.22903e-05], 
              [0.993568, 5.22903e-05, 0.0021439, 0.00423552], 
              [5.22903e-05, 0.0105104, 0.730025, 0.259412], 
              [0.882713, 0.0983581, 0.00423552, 0.0146936], 
              [0.0251516, 0.00423552, 0.00632713, 0.964286], 
              [0.00632713, 5.22903e-05, 0.914087, 0.0795336], 
              [0.0167852, 0.121366, 0.74885, 0.112999]
            ]
          }, {
            "db": 0,
            "id": "Mo2015_EXCpos_Ctx_fold1_5.fwd",
            "len": 11,
            "nsites": 459,
            "pwm": [
              [0.254901, 0.145992, 0.180843, 0.418264], 
              [0.24401, 0.139458, 0.0893596, 0.527173], 
              [0.0958941, 0.0305489, 0.0240144, 0.849543], 
              [0.0044108, 0.00658898, 5.44544e-05, 0.988946], 
              [0.0131235, 0.019658, 0.00658898, 0.960629], 
              [0.0501525, 0.111141, 0.0479743, 0.790732], 
              [0.0675779, 0.139458, 0.0240144, 0.76895], 
              [0.0370834, 0.108963, 0.0283707, 0.825583], 
              [0.0218362, 0.0588652, 0.0109453, 0.908353], 
              [0.00876715, 0.0479743, 0.0153017, 0.927957], 
              [0.0370834, 0.137279, 0.0283707, 0.797266]
            ]
          }, {
            "db": 0,
            "id": "Mo2015_EXCpos_Ctx_fold1_6.fwd",
            "len": 11,
            "nsites": 446,
            "pwm": [
              [0.204046, 0.226463, 0.109897, 0.459594], 
              [0.159213, 0.16818, 0.143522, 0.529085], 
              [0.161455, 0.130072, 0.0829971, 0.625476], 
              [0.228704, 0.0807554, 0.0785138, 0.612026], 
              [0.0852387, 0.0291975, 0.0179892, 0.867575], 
              [0.0224725, 0.00453934, 0.00678099, 0.966207], 
              [0.00678099, 0.00678099, 0.00229769, 0.98414], 
              [0.00678099, 0.044889, 0.0135059, 0.934824], 
              [0.0852387, 0.217496, 0.051614, 0.645651], 
              [0.190596, 0.338545, 0.0874804, 0.383378], 
              [0.253362, 0.242154, 0.123347, 0.381137]
            ]
          }, {
            "db": 0,
            "id": "Mo2015_EXCpos_Ctx_fold1_7.fwd",
            "len": 11,
            "nsites": 419,
            "pwm": [
              [0.288774, 0.114591, 0.241052, 0.355583], 
              [0.138451, 0.0931162, 0.348425, 0.420007], 
              [0.085958, 0.656228, 0.0668695, 0.190945], 
              [5.96516e-05, 0.0239203, 5.96516e-05, 0.97596], 
              [0.966416, 0.00960391, 0.00721785, 0.0167621], 
              [0.0835719, 0.01199, 0.00721785, 0.89722], 
              [0.176628, 0.00960391, 0.00483178, 0.808936], 
              [0.0215342, 0.0239203, 0.00244572, 0.9521], 
              [0.181401, 0.0811859, 0.0191482, 0.718265], 
              [0.140838, 0.0573252, 0.0931162, 0.708721], 
              [0.692019, 0.0286924, 0.238666, 0.0406228]
            ]
          }, {
            "db": 0,
            "id": "Mo2015_EXCpos_Ctx_fold1_8.fwd",
            "len": 11,
            "nsites": 348,
            "pwm": [
              [0.252873, 0.146581, 0.270109, 0.330437], 
              [0.221273, 0.385019, 0.255745, 0.137963], 
              [7.18184e-05, 7.18184e-05, 7.18184e-05, 0.999785], 
              [7.18184e-05, 7.18184e-05, 0.85902, 0.140836], 
              [0.999785, 7.18184e-05, 7.18184e-05, 7.18184e-05], 
              [0.120727, 0.413746, 0.359164, 0.106363], 
              [0.00294456, 7.18184e-05, 7.18184e-05, 0.996912], 
              [0.0546538, 0.945203, 7.18184e-05, 7.18184e-05], 
              [0.999785, 7.18184e-05, 7.18184e-05, 7.18184e-05], 
              [0.00869003, 0.204036, 0.132218, 0.655056], 
              [0.290218, 0.278727, 0.178182, 0.252873]
            ]
          }, {
            "db": 0,
            "id": "Mo2015_EXCpos_Ctx_fold1_9.fwd",
            "len": 11,
            "nsites": 329,
            "pwm": [
              [0.361668, 0.0851565, 0.167198, 0.385977], 
              [0.392054, 0.106427, 0.127697, 0.373823], 
              [0.300896, 0.118581, 0.0699635, 0.510559], 
              [0.148967, 0.0547706, 0.0335005, 0.762762], 
              [0.0122303, 0.00919174, 0.0152689, 0.963309], 
              [0.0760407, 0.0851565, 0.0730021, 0.765801], 
              [0.540945, 0.0973108, 0.118581, 0.243163], 
              [0.993695, 7.59648e-05, 0.00311455, 0.00311455], 
              [0.993695, 7.59648e-05, 0.00311455, 0.00311455], 
              [0.935962, 0.00919174, 0.0122303, 0.0426162], 
              [0.337359, 0.051732, 0.109465, 0.501443]
            ]
          }, {
            "db": 0,
            "id": "Mo2015_EXCpos_Ctx_fold2_1.fwd",
            "len": 11,
            "nsites": 1108,
            "pwm": [
              [0.223829, 0.277073, 0.195853, 0.303244], 
              [0.220219, 0.569466, 0.0965842, 0.113731], 
              [0.156146, 0.653393, 0.0388277, 0.151633], 
              [0.315879, 0.033413, 0.243683, 0.407026], 
              [0.00543723, 0.975566, 0.0135592, 0.00543723], 
              [0.0117544, 0.928639, 0.0451448, 0.0144617], 
              [0.0225837, 0.716564, 0.0126568, 0.248195], 
              [0.651588, 0.231951, 0.0613889, 0.0550717], 
              [0.00633968, 0.969249, 0.0126568, 0.0117544], 
              [0.414245, 0.139902, 0.183219, 0.262634], 
              [0.111926, 0.527953, 0.155243, 0.204878]
            ]
          }, {
            "db": 0,
            "id": "Mo2015_EXCpos_Ctx_fold2_10.fwd",
            "len": 11,
            "nsites": 315,
            "pwm": [
              [0.241273, 0.165106, 0.238099, 0.355522], 
              [0.390432, 0.266661, 0.24762, 0.0952872], 
              [0.00325294, 0.00325294, 7.93399e-05, 0.993415], 
              [0.00325294, 7.93399e-05, 0.914075, 0.0825928], 
              [0.999762, 7.93399e-05, 7.93399e-05, 7.93399e-05], 
              [0.0921136, 0.0191209, 0.764916, 0.12385], 
              [7.93399e-05, 7.93399e-05, 7.93399e-05, 0.999762], 
              [0.0127737, 0.987068, 7.93399e-05, 7.93399e-05], 
              [0.990241, 7.93399e-05, 0.00642653, 0.00325294], 
              [0.0254681, 0.29205, 0.24762, 0.434862], 
              [0.304745, 0.352348, 0.142891, 0.200016]
            ]
          }, {
            "db": 0,
            "id": "Mo2015_EXCpos_Ctx_fold2_11.fwd",
            "len": 11,
            "nsites": 274,
            "pwm": [
              [0.277362, 0.0511675, 0.186155, 0.485316], 
              [0.0985954, 0.0803539, 0.34668, 0.474371], 
              [0.0949471, 0.656786, 0.0511675, 0.1971], 
              [0.00373951, 0.00738781, 0.00373951, 0.985133], 
              [0.963243, 9.12076e-05, 0.0146844, 0.021981], 
              [9.12076e-05, 9.12076e-05, 9.12076e-05, 0.999726], 
              [9.12076e-05, 9.12076e-05, 9.12076e-05, 0.999726], 
              [0.00373951, 0.0329259, 0.00373951, 0.959595], 
              [0.0840022, 0.160617, 0.0365742, 0.718807], 
              [0.233583, 0.10954, 0.0985954, 0.558282], 
              [0.60571, 0.0183327, 0.313845, 0.0621124]
            ]
          }, {
            "db": 0,
            "id": "Mo2015_EXCpos_Ctx_fold2_12.fwd",
            "len": 11,
            "nsites": 213,
            "pwm": [
              [0.328602, 0.11274, 0.267597, 0.291061], 
              [0.244134, 0.244134, 0.27229, 0.239442], 
              [0.384913, 0.197208, 0.239442, 0.178437], 
              [0.375528, 0.103355, 0.108048, 0.413069], 
              [0.220671, 0.0235805, 0.0658142, 0.689934], 
              [0.647701, 0.0611215, 0.0470436, 0.244134], 
              [0.0564289, 0.0141952, 0.00950258, 0.919873], 
              [0.00480995, 0.000117316, 0.980878, 0.0141952], 
              [0.00480995, 0.9668, 0.0141952, 0.0141952], 
              [0.943336, 0.00480995, 0.000117316, 0.0517363], 
              [0.71809, 0.0282731, 0.122126, 0.131511]
            ]
          }, {
            "db": 0,
            "id": "Mo2015_EXCpos_Ctx_fold2_13.fwd",
            "len": 11,
            "nsites": 211,
            "pwm": [
              [0.379086, 0.0901232, 0.16118, 0.369612], 
              [0.170654, 0.0617006, 0.412245, 0.3554], 
              [0.0711748, 0.734368, 0.0569635, 0.137494], 
              [0.00485552, 0.0238039, 0.00485552, 0.966485], 
              [0.938063, 0.0143297, 0.0238039, 0.0238039], 
              [0.24171, 0.028541, 0.00485552, 0.724893], 
              [0.402771, 0.0190668, 0.0143297, 0.563832], 
              [0.0901232, 0.0474893, 0.00485552, 0.857532], 
              [0.308029, 0.0522264, 0.0332781, 0.606466], 
              [0.113809, 0.0190668, 0.0522264, 0.814898], 
              [0.705945, 0.0190668, 0.251184, 0.0238039]
            ]
          }, {
            "db": 0,
            "id": "Mo2015_EXCpos_Ctx_fold2_14.fwd",
            "len": 11,
            "nsites": 127,
            "pwm": [
              [0.0631393, 0.31491, 0.0238002, 0.598151], 
              [0.0710071, 0.0159323, 0.834186, 0.0788749], 
              [0.00806452, 0.952203, 0.0238002, 0.0159323], 
              [0.000196696, 0.983674, 0.000196696, 0.0159323], 
              [0.472266, 0.503737, 0.0159323, 0.00806452], 
              [0.00806452, 0.45653, 0.000196696, 0.535208], 
              [0.000196696, 0.99941, 0.000196696, 0.000196696], 
              [0.0159323, 0.0395358, 0.00806452, 0.936467], 
              [0.45653, 0.0238002, 0.369984, 0.149685], 
              [0.0159323, 0.425059, 0.543076, 0.0159323], 
              [0.0867427, 0.0710071, 0.000196696, 0.842054]
            ]
          }, {
            "db": 0,
            "id": "Mo2015_EXCpos_Ctx_fold2_2.fwd",
            "len": 11,
            "nsites": 907,
            "pwm": [
              [0.440993, 0.0915279, 0.230432, 0.237047], 
              [0.249173, 0.114679, 0.504933, 0.131215], 
              [0.662579, 0.0672748, 0.173107, 0.09704], 
              [0.748567, 0.0242807, 0.162082, 0.06507], 
              [0.835658, 0.0297927, 0.0926304, 0.0419193], 
              [0.778332, 0.0397145, 0.122396, 0.0595579], 
              [0.732031, 0.0529434, 0.132317, 0.0827086], 
              [0.810302, 0.0386121, 0.0926304, 0.0584555], 
              [0.890778, 0.0154614, 0.0573531, 0.0364072], 
              [0.852194, 0.0286903, 0.0540459, 0.06507], 
              [0.726519, 0.0540459, 0.0738893, 0.145546]
            ]
          }, {
            "db": 0,
            "id": "Mo2015_EXCpos_Ctx_fold2_3.fwd",
            "len": 11,
            "nsites": 548,
            "pwm": [
              [0.268245, 0.217159, 0.18067, 0.333926], 
              [0.208037, 0.122286, 0.0967433, 0.572934], 
              [0.0712005, 0.076674, 0.0401843, 0.811941], 
              [0.0602536, 0.0566046, 0.0784984, 0.804643], 
              [0.304735, 0.0985678, 0.147829, 0.448869], 
              [0.903165, 0.0255884, 0.0602536, 0.0109925], 
              [0.992565, 4.56121e-05, 0.00369458, 0.00369458], 
              [0.976145, 0.00734355, 0.00551907, 0.0109925], 
              [0.735313, 0.0401843, 0.0493067, 0.175196], 
              [0.275543, 0.100392, 0.153302, 0.470763], 
              [0.353996, 0.124111, 0.246351, 0.275543]
            ]
          }, {
            "db": 0,
            "id": "Mo2015_EXCpos_Ctx_fold2_4.fwd",
            "len": 11,
            "nsites": 537,
            "pwm": [
              [0.292357, 0.210436, 0.188093, 0.309114], 
              [0.195541, 0.2756, 0.242087, 0.286772], 
              [0.176922, 0.197403, 0.260706, 0.364969], 
              [0.160166, 0.387311, 0.240225, 0.212298], 
              [0.18437, 0.0056321, 0.0093558, 0.800642], 
              [0.0019084, 4.65463e-05, 0.890011, 0.108034], 
              [0.0019084, 0.996137, 0.0019084, 4.65463e-05], 
              [0.0149414, 0.944005, 0.0019084, 0.0391454], 
              [0.964485, 0.0149414, 0.00749395, 0.0130795], 
              [0.72803, 0.0056321, 0.253258, 0.0130795], 
              [0.309114, 0.124791, 0.495299, 0.0707969]
            ]
          }, {
            "db": 0,
            "id": "Mo2015_EXCpos_Ctx_fold2_5.fwd",
            "len": 11,
            "nsites": 443,
            "pwm": [
              [0.277646, 0.207684, 0.207684, 0.306985], 
              [0.295701, 0.212198, 0.264105, 0.227996], 
              [0.273132, 0.275389, 0.225739, 0.225739], 
              [0.306985, 0.227996, 0.23251, 0.23251], 
              [0.279903, 0.191887, 0.295701, 0.23251], 
              [0.365662, 0.230253, 0.135466, 0.268619], 
              [0.370176, 0.0722749, 0.327296, 0.230253], 
              [0.261848, 0.101614, 0.51687, 0.119668], 
              [0.0700181, 0.884733, 0.0226247, 0.0226247], 
              [0.681618, 0.0158542, 0.0271383, 0.275389], 
              [0.0248815, 0.0068269, 0.952437, 0.0158542]
            ]
          }, {
            "db": 0,
            "id": "Mo2015_EXCpos_Ctx_fold2_6.fwd",
            "len": 11,
            "nsites": 440,
            "pwm": [
              [0.343161, 0.11594, 0.0750398, 0.46586], 
              [0.0795842, 0.0182345, 0.840775, 0.0614065], 
              [0.0114179, 0.963474, 0.00232902, 0.0227789], 
              [0.413599, 0.415871, 0.0432288, 0.127301], 
              [0.497671, 0.0295955, 0.184106, 0.288628], 
              [0.0636787, 0.0159623, 0.858953, 0.0614065], 
              [0.0205067, 0.945297, 0.0273233, 0.00687344], 
              [0.284083, 0.0750398, 0.045501, 0.595376], 
              [0.0909452, 0.100034, 0.631731, 0.177289], 
              [0.159112, 0.329527, 0.218189, 0.293172], 
              [0.22955, 0.265905, 0.222733, 0.281811]
            ]
          }, {
            "db": 0,
            "id": "Mo2015_EXCpos_Ctx_fold2_7.fwd",
            "len": 11,
            "nsites": 421,
            "pwm": [
              [0.368143, 0.128295, 0.235158, 0.268404], 
              [0.0879245, 0.759974, 0.140169, 0.011933], 
              [0.0760508, 0.919081, 0.0024341, 0.0024341], 
              [0.9737, 0.00718357, 0.0024341, 0.0166825], 
              [0.00480883, 5.93683e-05, 0.0261814, 0.96895], 
              [0.275528, 0.719603, 0.00480883, 5.93683e-05], 
              [5.93683e-05, 5.93683e-05, 5.93683e-05, 0.999822], 
              [0.0024341, 5.93683e-05, 0.997447, 5.93683e-05], 
              [0.0190572, 0.339646, 0.180539, 0.460758], 
              [0.161541, 0.168665, 0.106922, 0.562871], 
              [0.256531, 0.270779, 0.201912, 0.270779]
            ]
          }, {
            "db": 0,
            "id": "Mo2015_EXCpos_Ctx_fold2_8.fwd",
            "len": 11,
            "nsites": 389,
            "pwm": [
              [0.269918, 0.161976, 0.323888, 0.244217], 
              [0.197957, 0.45239, 0.197957, 0.151696], 
              [0.313608, 0.128566, 0.143986, 0.41384], 
              [0.269918, 0.223657, 0.339309, 0.167116], 
              [0.352159, 0.192817, 0.128566, 0.326458], 
              [0.192817, 0.0386148, 0.601452, 0.167116], 
              [0.0386148, 0.902146, 0.0386148, 0.0206245], 
              [0.45753, 0.0283346, 0.0257646, 0.488371], 
              [0.0720252, 0.154266, 0.735094, 0.0386148], 
              [0.503791, 0.0488949, 0.0206245, 0.42669], 
              [0.0206245, 0.00263428, 0.925276, 0.0514649]
            ]
          }, {
            "db": 0,
            "id": "Mo2015_EXCpos_Ctx_fold2_9.fwd",
            "len": 11,
            "nsites": 372,
            "pwm": [
              [0.510683, 0.0941279, 0.115628, 0.279562], 
              [0.0941279, 0.0188793, 0.817052, 0.0699409], 
              [0.0161919, 0.959487, 0.010817, 0.0135044], 
              [0.338686, 0.0161919, 0.00812954, 0.636993], 
              [0.0565036, 0.182814, 0.739116, 0.0215668], 
              [0.362873, 0.0242542, 0.0511287, 0.561744], 
              [0.0403789, 0.0242542, 0.911113, 0.0242542], 
              [0.486496, 0.0806907, 0.0753158, 0.357498], 
              [0.400497, 0.145189, 0.26075, 0.193564], 
              [0.352123, 0.188189, 0.215063, 0.244625], 
              [0.338686, 0.220438, 0.215063, 0.225813]
            ]
          }, {
            "db": 0,
            "id": "Mo2015_EXCpos_Ctx_fold3_1.fwd",
            "len": 11,
            "nsites": 1293,
            "pwm": [
              [0.2529, 0.2065, 0.33178, 0.20882], 
              [0.22738, 0.131486, 0.277647, 0.363487], 
              [0.21114, 0.165513, 0.526661, 0.0966863], 
              [0.2877, 0.152366, 0.12762, 0.432314], 
              [0.013166, 0.00775269, 0.976742, 0.00233934], 
              [0.0657528, 0.0502861, 0.223513, 0.660448], 
              [0.216553, 0.00620602, 0.757115, 0.0201261], 
              [0.0224461, 0.0332728, 0.902502, 0.0417794], 
              [0.0139394, 0.00775269, 0.975195, 0.00311267], 
              [0.368127, 0.240527, 0.0464195, 0.344927], 
              [0.13922, 0.0417794, 0.686741, 0.13226]
            ]
          }, {
            "db": 0,
            "id": "Mo2015_EXCpos_Ctx_fold3_10.fwd",
            "len": 11,
            "nsites": 234,
            "pwm": [
              [0.448633, 0.0983554, 0.102627, 0.350384], 
              [0.0257369, 0.000106792, 0.961235, 0.0129218], 
              [0.0129218, 0.982593, 0.000106792, 0.00437847], 
              [0.333298, 0.00437847, 0.0129218, 0.649402], 
              [0.0257369, 0.00865015, 0.944148, 0.0214652], 
              [0.41446, 0.076997, 0.0385519, 0.469991], 
              [0.0556386, 0.0214652, 0.897159, 0.0257369], 
              [0.41446, 0.0171935, 0.0940837, 0.474263], 
              [0.286309, 0.102627, 0.397373, 0.213691], 
              [0.337569, 0.196604, 0.260679, 0.205147], 
              [0.269223, 0.153887, 0.260679, 0.316211]
            ]
          }, {
            "db": 0,
            "id": "Mo2015_EXCpos_Ctx_fold3_11.fwd",
            "len": 11,
            "nsites": 219,
            "pwm": [
              [0.301346, 0.214628, 0.168987, 0.315039], 
              [0.0138065, 0.032063, 0.000114103, 0.954016], 
              [0.000114103, 0.00467823, 0.0138065, 0.981401], 
              [0.607143, 0.00467823, 0.356116, 0.032063], 
              [0.00467823, 0.70299, 0.00467823, 0.287654], 
              [0.981401, 0.00467823, 0.00924236, 0.00467823], 
              [0.000114103, 0.00467823, 0.00467823, 0.990529], 
              [0.995094, 0.00467823, 0.000114103, 0.000114103], 
              [0.972273, 0.00467823, 0.00467823, 0.0183706], 
              [0.2055, 0.246577, 0.137038, 0.410885], 
              [0.378937, 0.132474, 0.146166, 0.342424]
            ]
          }, {
            "db": 0,
            "id": "Mo2015_EXCpos_Ctx_fold3_12.fwd",
            "len": 11,
            "nsites": 161,
            "pwm": [
              [0.111887, 0.782278, 0.0684358, 0.0373991], 
              [0.000155183, 0.993327, 0.000155183, 0.00636251], 
              [0.89401, 0.000155183, 0.0560211, 0.0498138], 
              [0.0187772, 0.633302, 0.335351, 0.0125698], 
              [0.142924, 0.403631, 0.0373991, 0.416046], 
              [0.943669, 0.00636251, 0.0311918, 0.0187772], 
              [0.00636251, 0.000155183, 0.993327, 0.000155183], 
              [0.509156, 0.000155183, 0.484327, 0.00636251], 
              [0.0373991, 0.00636251, 0.447083, 0.509156], 
              [0.00636251, 0.000155183, 0.993327, 0.000155183], 
              [0.0125698, 0.0187772, 0.918839, 0.0498138]
            ]
          }, {
            "db": 0,
            "id": "Mo2015_EXCpos_Ctx_fold3_13.fwd",
            "len": 11,
            "nsites": 128,
            "pwm": [
              [0.156323, 0.281226, 0.0236144, 0.538837], 
              [0.273419, 0.117291, 0.218774, 0.390515], 
              [0.0626464, 0.687158, 0.101678, 0.148517], 
              [0.00800156, 0.897931, 0.00800156, 0.0860656], 
              [0.624707, 0.171936, 0.015808, 0.187549], 
              [0.0704528, 0.00800156, 0.015808, 0.905738], 
              [0.320258, 0.00019516, 0.655933, 0.0236144], 
              [0.0392272, 0.00019516, 0.952576, 0.00800156], 
              [0.171936, 0.655933, 0.0392272, 0.132904], 
              [0.952576, 0.00019516, 0.00019516, 0.0470336], 
              [0.983802, 0.00019516, 0.00800156, 0.00800156]
            ]
          }, {
            "db": 0,
            "id": "Mo2015_EXCpos_Ctx_fold3_14.fwd",
            "len": 11,
            "nsites": 123,
            "pwm": [
              [0.536353, 0.0408205, 0.17892, 0.243907], 
              [0.170796, 0.674452, 0.122055, 0.032697], 
              [0.284525, 0.00832656, 0.0245735, 0.682575], 
              [0.0245735, 0.00832656, 0.966897, 0.000203087], 
              [0.276401, 0.000203087, 0.01645, 0.706946], 
              [0.00832656, 0.000203087, 0.991267, 0.000203087], 
              [0.585093, 0.00832656, 0.105808, 0.300772], 
              [0.495735, 0.0408205, 0.284525, 0.17892], 
              [0.520106, 0.0976848, 0.17892, 0.20329], 
              [0.438871, 0.0814379, 0.154549, 0.325142], 
              [0.349513, 0.154549, 0.243907, 0.252031]
            ]
          }, {
            "db": 0,
            "id": "Mo2015_EXCpos_Ctx_fold3_15.fwd",
            "len": 11,
            "nsites": 105,
            "pwm": [
              [0.190533, 0.171503, 0.228592, 0.409372], 
              [0.371313, 0.190533, 0.228592, 0.209562], 
              [0.380828, 0.000237869, 0.50452, 0.114415], 
              [0.0382969, 0.942198, 0.000237869, 0.0192674], 
              [0.904139, 0.00975262, 0.00975262, 0.0763559], 
              [0.00975262, 0.656755, 0.266651, 0.0668411], 
              [0.951713, 0.0192674, 0.00975262, 0.0192674], 
              [0.0382969, 0.0382969, 0.00975262, 0.913654], 
              [0.000237869, 0.000237869, 0.000237869, 0.999286], 
              [0.00975262, 0.0763559, 0.0192674, 0.894624], 
              [0.0763559, 0.352284, 0.0478116, 0.523549]
            ]
          }, {
            "db": 0,
            "id": "Mo2015_EXCpos_Ctx_fold3_2.fwd",
            "len": 11,
            "nsites": 1070,
            "pwm": [
              [0.394379, 0.219629, 0.140197, 0.245795], 
              [0.251402, 0.15328, 0.332703, 0.262616], 
              [0.201874, 0.178511, 0.480352, 0.139263], 
              [0.0542239, 0.890594, 0.0271236, 0.0280581], 
              [0.85228, 0.00656481, 0.0168442, 0.124311], 
              [0.00469582, 0.00563031, 0.971895, 0.0177787], 
              [0.0953416, 0.84387, 0.0131063, 0.0476825], 
              [0.342047, 0.184118, 0.0822587, 0.391576], 
              [0.15328, 0.147673, 0.324292, 0.374755], 
              [0.169166, 0.19066, 0.459793, 0.18038], 
              [0.210284, 0.315882, 0.207481, 0.266354]
            ]
          }, {
            "db": 0,
            "id": "Mo2015_EXCpos_Ctx_fold3_3.fwd",
            "len": 11,
            "nsites": 858,
            "pwm": [
              [0.358962, 0.17833, 0.201637, 0.261071], 
              [0.470837, 0.11307, 0.215622, 0.200472], 
              [0.456852, 0.0909276, 0.28904, 0.16318], 
              [0.496475, 0.0722818, 0.298363, 0.132881], 
              [0.614177, 0.0489745, 0.24359, 0.0932584], 
              [0.807627, 0.0279979, 0.1154, 0.0489745], 
              [0.776162, 0.0175096, 0.139873, 0.066455], 
              [0.835596, 0.0128482, 0.109573, 0.0419823], 
              [0.890368, 0.0198403, 0.0687857, 0.0210057], 
              [0.963786, 0.00352523, 0.0291633, 0.00352523], 
              [0.888038, 0.0361555, 0.031494, 0.044313]
            ]
          }, {
            "db": 0,
            "id": "Mo2015_EXCpos_Ctx_fold3_4.fwd",
            "len": 11,
            "nsites": 708,
            "pwm": [
              [0.330497, 0.194923, 0.155381, 0.319199], 
              [0.218931, 0.266947, 0.285306, 0.228817], 
              [0.169503, 0.259886, 0.247176, 0.323436], 
              [0.170915, 0.418055, 0.194923, 0.216106], 
              [0.163854, 0.004272, 0.00850869, 0.823365], 
              [0.00709646, 0.00709646, 0.910924, 0.0748835], 
              [0.004272, 0.982947, 0.00709646, 0.00568423], 
              [0.0353411, 0.906687, 0.004272, 0.0537], 
              [0.943405, 0.0155698, 0.00850869, 0.0325166], 
              [0.660959, 0.00850869, 0.310726, 0.0198065], 
              [0.341795, 0.158205, 0.401109, 0.0988914]
            ]
          }, {
            "db": 0,
            "id": "Mo2015_EXCpos_Ctx_fold3_5.fwd",
            "len": 11,
            "nsites": 696,
            "pwm": [
              [0.244254, 0.122145, 0.29597, 0.337631], 
              [0.155186, 0.512893, 0.110652, 0.221268], 
              [0.0474429, 0.231325, 0.0258943, 0.695338], 
              [0.692465, 0.0632452, 0.0574989, 0.186791], 
              [0.718324, 0.0158382, 0.0862304, 0.179608], 
              [0.962541, 0.00434564, 0.0172748, 0.0158382], 
              [0.859108, 0.00290906, 0.0100919, 0.127891], 
              [0.851925, 0.00578222, 0.00721879, 0.135074], 
              [0.0460063, 0.0187114, 0.00578222, 0.9295], 
              [0.910825, 0.0115285, 0.0574989, 0.020148], 
              [0.205466, 0.077611, 0.580412, 0.136511]
            ]
          }, {
            "db": 0,
            "id": "Mo2015_EXCpos_Ctx_fold3_6.fwd",
            "len": 11,
            "nsites": 584,
            "pwm": [
              [0.25, 0.118173, 0.167822, 0.464004], 
              [0.208911, 0.190079, 0.15755, 0.44346], 
              [0.369842, 0.190079, 0.0890687, 0.35101], 
              [0.530774, 0.0907807, 0.0787964, 0.299649], 
              [0.364706, 0.0428437, 0.0291474, 0.563303], 
              [0.0171632, 0.00860298, 4.28009e-05, 0.974191], 
              [0.00346687, 4.28009e-05, 0.00175484, 0.994735], 
              [0.0394196, 0.0274354, 0.00689094, 0.926254], 
              [0.678009, 0.0907807, 0.106189, 0.125021], 
              [0.755051, 0.0359955, 0.119885, 0.0890687], 
              [0.756763, 0.0753724, 0.0633881, 0.104477]
            ]
          }, {
            "db": 0,
            "id": "Mo2015_EXCpos_Ctx_fold3_7.fwd",
            "len": 11,
            "nsites": 588,
            "pwm": [
              [0.324817, 0.153078, 0.25, 0.272105], 
              [0.272105, 0.146276, 0.323117, 0.258502], 
              [0.533965, 0.112268, 0.212591, 0.141175], 
              [0.51186, 0.198988, 0.267004, 0.0221476], 
              [4.25098e-05, 0.999872, 4.25098e-05, 4.25098e-05], 
              [0.991371, 4.25098e-05, 0.00514368, 0.00344329], 
              [0.0102449, 0.0102449, 0.676798, 0.302712], 
              [0.909752, 0.0663578, 0.00514368, 0.0187468], 
              [0.0493539, 0.00684407, 0.0102449, 0.933557], 
              [0.0017429, 4.25098e-05, 0.930156, 0.0680582], 
              [0.0187468, 0.149677, 0.755016, 0.0765601]
            ]
          }, {
            "db": 0,
            "id": "Mo2015_EXCpos_Ctx_fold3_8.fwd",
            "len": 11,
            "nsites": 494,
            "pwm": [
              [0.271251, 0.194343, 0.236845, 0.297561], 
              [0.228749, 0.283394, 0.212558, 0.275299], 
              [0.297561, 0.200415, 0.186248, 0.315776], 
              [0.313752, 0.238869, 0.293513, 0.153866], 
              [0.267203, 0.206487, 0.172081, 0.35423], 
              [0.216606, 0.0567193, 0.538403, 0.188272], 
              [0.0243372, 0.90675, 0.0385044, 0.0304088], 
              [0.400779, 0.0263611, 0.0526715, 0.520188], 
              [0.078982, 0.0202894, 0.827818, 0.0729103], 
              [0.471615, 0.0506476, 0.0223133, 0.455424], 
              [0.0223133, 0.00612224, 0.910797, 0.0607671]
            ]
          }, {
            "db": 0,
            "id": "Mo2015_EXCpos_Ctx_fold3_9.fwd",
            "len": 11,
            "nsites": 435,
            "pwm": [
              [0.282751, 0.177028, 0.248276, 0.291944], 
              [0.404562, 0.264365, 0.220696, 0.110377], 
              [0.0115491, 5.74581e-05, 0.00235578, 0.986038], 
              [0.0046541, 5.74581e-05, 0.820558, 0.17473], 
              [0.997529, 5.74581e-05, 0.00235578, 5.74581e-05], 
              [0.101184, 0.236785, 0.466617, 0.195415], 
              [5.74581e-05, 5.74581e-05, 5.74581e-05, 0.999828], 
              [0.0230407, 0.976844, 5.74581e-05, 5.74581e-05], 
              [0.995231, 0.00235578, 0.00235578, 5.74581e-05], 
              [0.032234, 0.317226, 0.18852, 0.46202], 
              [0.275856, 0.287348, 0.151747, 0.285049]
            ]
          }, {
            "db": 0,
