MEME version 4

ALPHABET= ACGT

strands: + -

Background letter frequencies (from unknown source)
A 0.250 C 0.250 G 0.250 T 0.250

MOTIF Pfenning_D1pos_Cpu_fold5_1.fwd
letter-probability matrix: alength= 4 w= 11 nsites= 1084 E= 0
0.265682656827	0.224169741697	0.202029520295	0.308118081181
0.284132841328	0.184501845018	0.241697416974	0.289667896679
0.365313653137	0.226937269373	0.217712177122	0.190036900369
0.168819188192	0.010147601476	0.210332103321	0.610701107011
0.00369003690037	0.0	0.994464944649	0.00184501845018
0.00276752767528	0.00184501845018	0.990774907749	0.00461254612546
0.305350553506	0.198339483395	0.0682656826568	0.428044280443
0.010147601476	0.967712177122	0.00461254612546	0.0175276752768
0.588560885609	0.166051660517	0.0230627306273	0.222324723247
0.220479704797	0.176199261993	0.273985239852	0.329335793358
0.281365313653	0.244464944649	0.226014760148	0.24815498155

MOTIF Pfenning_D1pos_Cpu_fold5_2.fwd
letter-probability matrix: alength= 4 w= 11 nsites= 466 E= 0
0.463519313305	0.169527896996	0.12017167382	0.24678111588
0.444206008584	0.231759656652	0.0965665236052	0.227467811159
0.504291845494	0.18025751073	0.0793991416309	0.236051502146
0.585836909871	0.182403433476	0.0751072961373	0.156652360515
0.62017167382	0.152360515021	0.156652360515	0.0708154506438
0.336909871245	0.317596566524	0.0257510729614	0.31974248927
0.695278969957	0.255364806867	0.0128755364807	0.0364806866953
0.918454935622	0.0236051502146	0.00429184549356	0.0536480686695
0.93347639485	0.0515021459227	0.00643776824034	0.00858369098712
0.0751072961373	0.615879828326	0.0278969957082	0.281115879828
0.896995708155	0.0536480686695	0.00429184549356	0.0450643776824

MOTIF Pfenning_D1pos_Cpu_fold5_3.fwd
letter-probability matrix: alength= 4 w= 11 nsites= 233 E= 0
0.240343347639	0.18025751073	0.31330472103	0.266094420601
0.244635193133	0.257510729614	0.175965665236	0.321888412017
0.454935622318	0.218884120172	0.141630901288	0.184549356223
0.0987124463519	0.81974248927	0.0472103004292	0.0343347639485
0.068669527897	0.815450643777	0.00858369098712	0.107296137339
0.87982832618	0.0472103004292	0.0343347639485	0.0386266094421
0.068669527897	0.80686695279	0.0214592274678	0.103004291845
0.0171673819742	0.918454935622	0.00858369098712	0.0557939914163
0.909871244635	0.00858369098712	0.0128755364807	0.068669527897
0.184549356223	0.227467811159	0.107296137339	0.480686695279
0.154506437768	0.227467811159	0.360515021459	0.257510729614

MOTIF Pfenning_D1pos_Cpu_fold5_4.fwd
letter-probability matrix: alength= 4 w= 11 nsites= 233 E= 0
0.343347639485	0.214592274678	0.18025751073	0.261802575107
0.356223175966	0.175965665236	0.197424892704	0.270386266094
0.218884120172	0.330472103004	0.236051502146	0.214592274678
0.399141630901	0.369098712446	0.0944206008584	0.137339055794
0.0257510729614	0.50643776824	0.0987124463519	0.369098712446
0.948497854077	0.0214592274678	0.0128755364807	0.0171673819742
0.0171673819742	0.00429184549356	0.0128755364807	0.965665236052
0.068669527897	0.0	0.927038626609	0.00429184549356
0.0214592274678	0.00429184549356	0.948497854077	0.0257510729614
0.19313304721	0.240343347639	0.201716738197	0.364806866953
0.175965665236	0.339055793991	0.184549356223	0.300429184549

MOTIF Pfenning_D1pos_Cpu_fold5_5.fwd
letter-probability matrix: alength= 4 w= 11 nsites= 131 E= 0
0.251908396947	0.167938931298	0.267175572519	0.312977099237
0.297709923664	0.206106870229	0.267175572519	0.229007633588
0.0992366412214	0.297709923664	0.167938931298	0.435114503817
0.770992366412	0.0687022900763	0.0839694656489	0.0763358778626
0.0	0.992366412214	0.0	0.00763358778626
0.00763358778626	0.977099236641	0.0	0.0152671755725
0.900763358779	0.0229007633588	0.0152671755725	0.0610687022901
0.236641221374	0.190839694656	0.12213740458	0.450381679389
0.12213740458	0.496183206107	0.106870229008	0.274809160305
0.549618320611	0.129770992366	0.137404580153	0.18320610687
0.152671755725	0.267175572519	0.290076335878	0.290076335878

MOTIF Pfenning_D1pos_Cpu_fold5_6.fwd
letter-probability matrix: alength= 4 w= 11 nsites= 108 E= 0
0.157407407407	0.527777777778	0.0740740740741	0.240740740741
0.731481481481	0.111111111111	0.0925925925926	0.0648148148148
0.166666666667	0.5	0.0555555555556	0.277777777778
0.87962962963	0.0740740740741	0.037037037037	0.00925925925926
0.037037037037	0.796296296296	0.0462962962963	0.12037037037
0.842592592593	0.0925925925926	0.0462962962963	0.0185185185185
0.0185185185185	0.546296296296	0.0277777777778	0.407407407407
0.898148148148	0.0185185185185	0.0555555555556	0.0277777777778
0.0185185185185	0.342592592593	0.00925925925926	0.62962962963
0.87037037037	0.00925925925926	0.101851851852	0.0185185185185
0.0277777777778	0.648148148148	0.0185185185185	0.305555555556

MOTIF Pfenning_D1pos_Cpu_fold5_7.fwd
letter-probability matrix: alength= 4 w= 11 nsites= 98 E= 0
0.224489795918	0.336734693878	0.19387755102	0.244897959184
0.234693877551	0.336734693878	0.224489795918	0.204081632653
0.5	0.183673469388	0.163265306122	0.15306122449
0.0510204081633	0.0	0.163265306122	0.785714285714
0.0	0.0	1.0	0.0
0.0	0.0102040816327	0.989795918367	0.0
0.0102040816327	0.928571428571	0.0408163265306	0.0204081632653
0.0102040816327	0.0612244897959	0.0204081632653	0.908163265306
0.938775510204	0.0204081632653	0.0102040816327	0.030612244898
0.0918367346939	0.530612244898	0.112244897959	0.265306122449
0.316326530612	0.214285714286	0.102040816327	0.367346938776

MOTIF Pfenning_D1pos_Cpu_fold5_8.fwd
letter-probability matrix: alength= 4 w= 11 nsites= 94 E= 0
0.191489361702	0.36170212766	0.127659574468	0.31914893617
0.510638297872	0.223404255319	0.159574468085	0.106382978723
0.265957446809	0.234042553191	0.0957446808511	0.404255319149
0.68085106383	0.191489361702	0.063829787234	0.063829787234
0.0425531914894	0.734042553191	0.0106382978723	0.212765957447
0.904255319149	0.031914893617	0.031914893617	0.031914893617
0.0425531914894	0.457446808511	0.0212765957447	0.478723404255
0.904255319149	0.0531914893617	0.0425531914894	0.0
0.0212765957447	0.372340425532	0.063829787234	0.542553191489
0.489361702128	0.0744680851064	0.382978723404	0.0531914893617
0.0744680851064	0.223404255319	0.265957446809	0.436170212766

MOTIF Pfenning_D1pos_Cpu_fold5_9.fwd
letter-probability matrix: alength= 4 w= 11 nsites= 96 E= 0
0.28125	0.34375	0.15625	0.21875
0.333333333333	0.291666666667	0.229166666667	0.145833333333
0.145833333333	0.364583333333	0.145833333333	0.34375
0.5	0.270833333333	0.166666666667	0.0625
0.0208333333333	0.416666666667	0.0	0.5625
0.916666666667	0.0208333333333	0.03125	0.03125
0.0	0.229166666667	0.0520833333333	0.71875
0.833333333333	0.0625	0.104166666667	0.0
0.0104166666667	0.322916666667	0.104166666667	0.5625
0.572916666667	0.104166666667	0.25	0.0729166666667
0.177083333333	0.333333333333	0.114583333333	0.375

MOTIF Pfenning_D1pos_Cpu_fold5_10.fwd
letter-probability matrix: alength= 4 w= 11 nsites= 77 E= 0
0.220779220779	0.233766233766	0.142857142857	0.402597402597
0.246753246753	0.402597402597	0.194805194805	0.155844155844
0.285714285714	0.285714285714	0.298701298701	0.12987012987
0.0909090909091	0.376623376623	0.103896103896	0.428571428571
0.792207792208	0.0519480519481	0.0649350649351	0.0909090909091
0.0	0.857142857143	0.025974025974	0.116883116883
0.662337662338	0.155844155844	0.0	0.181818181818
0.012987012987	0.792207792208	0.025974025974	0.168831168831
0.779220779221	0.0909090909091	0.0779220779221	0.0519480519481
0.0649350649351	0.376623376623	0.0909090909091	0.467532467532
0.545454545455	0.155844155844	0.194805194805	0.103896103896

MOTIF Pfenning_D1pos_Cpu_fold5_11.fwd
letter-probability matrix: alength= 4 w= 11 nsites= 73 E= 0
0.520547945205	0.0	0.150684931507	0.328767123288
0.0547945205479	0.0	0.931506849315	0.013698630137
0.424657534247	0.123287671233	0.191780821918	0.260273972603
0.0684931506849	0.86301369863	0.027397260274	0.041095890411
0.0	1.0	0.0	0.0
0.602739726027	0.0958904109589	0.0	0.301369863014
0.315068493151	0.0684931506849	0.424657534247	0.191780821918
0.0547945205479	0.0821917808219	0.671232876712	0.191780821918
0.369863013699	0.232876712329	0.246575342466	0.150684931507
0.13698630137	0.602739726027	0.013698630137	0.246575342466
0.123287671233	0.575342465753	0.205479452055	0.0958904109589

MOTIF Pfenning_D1pos_Cpu_fold5_12.fwd
letter-probability matrix: alength= 4 w= 11 nsites= 38 E= 0
0.131578947368	0.210526315789	0.0263157894737	0.631578947368
0.157894736842	0.526315789474	0.157894736842	0.157894736842
0.0	0.921052631579	0.0263157894737	0.0526315789474
0.0	0.894736842105	0.0	0.105263157895
0.921052631579	0.0263157894737	0.0	0.0526315789474
0.263157894737	0.0789473684211	0.526315789474	0.131578947368
0.0	0.631578947368	0.0526315789474	0.315789473684
0.789473684211	0.131578947368	0.0	0.0789473684211
0.184210526316	0.815789473684	0.0	0.0
0.0526315789474	0.894736842105	0.0	0.0526315789474
0.368421052632	0.368421052632	0.0263157894737	0.236842105263

