MEME version 4

ALPHABET= ACGT

strands: + -

Background letter frequencies (from unknown source)
A 0.250 C 0.250 G 0.250 T 0.250

MOTIF Pfenning_D1pos_Nac_fold3_1.fwd
letter-probability matrix: alength= 4 w= 11 nsites= 1213 E= 0
0.208573784007	0.268755152514	0.258862324815	0.263808738664
0.150865622424	0.174773289365	0.445177246496	0.229183841715
0.124484748557	0.695795548228	0.0931574608409	0.0865622423743
0.465787304204	0.0849134377576	0.0461665292663	0.403132728772
0.143446001649	0.190436933223	0.492992580379	0.173124484749
0.126133553174	0.287716405606	0.40890354493	0.17724649629
0.080791426216	0.838417147568	0.0535861500412	0.0272052761748
0.463314097279	0.0140148392415	0.0486397361913	0.474031327288
0.00824402308326	0.0313272877164	0.938169826876	0.0222588623248
0.037922506183	0.888705688376	0.040395713108	0.0329760923331
0.35943940643	0.169002473207	0.0610057708162	0.410552349547

MOTIF Pfenning_D1pos_Nac_fold3_2.fwd
letter-probability matrix: alength= 4 w= 11 nsites= 1214 E= 0
0.316309719934	0.16392092257	0.245469522241	0.274299835255
0.271828665568	0.304777594728	0.199341021417	0.224052718287
0.284184514003	0.169686985173	0.242998352554	0.30313014827
0.146622734761	0.576606260297	0.151565074135	0.125205930807
0.511532125206	0.0420098846787	0.101317957166	0.345140032949
0.0131795716639	0.00658978583196	0.962932454695	0.0172981878089
0.103789126853	0.864909390445	0.000823723228995	0.0304777594728
0.41021416804	0.0304777594728	0.0107084019769	0.548599670511
0.0288303130148	0.843492586491	0.0815485996705	0.0461285008237
0.457990115321	0.0634266886326	0.0345963756178	0.443986820428
0.0329489291598	0.0856672158155	0.81136738056	0.0700164744646

MOTIF Pfenning_D1pos_Nac_fold3_3.fwd
letter-probability matrix: alength= 4 w= 11 nsites= 963 E= 0
0.185877466251	0.318795430945	0.165109034268	0.330218068536
0.193146417445	0.622014537902	0.0820353063344	0.102803738318
0.0996884735202	0.779854620976	0.00103842159917	0.119418483904
0.342679127726	0.048805815161	0.207684319834	0.400830737279
0.00103842159917	0.993769470405	0.00207684319834	0.00311526479751
0.00830737279335	0.976116303219	0.00623052959502	0.00934579439252
0.0103842159917	0.811007268951	0.00726895119418	0.171339563863
0.681204569055	0.234683281412	0.0176531671859	0.0664589823468
0.00415368639668	0.981308411215	0.00623052959502	0.00830737279335
0.454828660436	0.133956386293	0.141225337487	0.269989615784
0.0830737279335	0.542056074766	0.170301142264	0.204569055036

MOTIF Pfenning_D1pos_Nac_fold3_4.fwd
letter-probability matrix: alength= 4 w= 11 nsites= 565 E= 0
0.263716814159	0.302654867257	0.185840707965	0.247787610619
0.0566371681416	0.0176991150442	0.0	0.925663716814
0.0	0.00530973451327	0.985840707965	0.00884955752212
0.573451327434	0.0194690265487	0.0283185840708	0.378761061947
0.0106194690265	0.989380530973	0.0	0.0
0.955752212389	0.0	0.00884955752212	0.0353982300885
0.100884955752	0.0230088495575	0.688495575221	0.187610619469
0.212389380531	0.29203539823	0.223008849558	0.272566371681
0.249557522124	0.244247787611	0.10796460177	0.398230088496
0.249557522124	0.166371681416	0.178761061947	0.405309734513
0.30796460177	0.254867256637	0.182300884956	0.254867256637

MOTIF Pfenning_D1pos_Nac_fold3_5.fwd
letter-probability matrix: alength= 4 w= 11 nsites= 562 E= 0
0.261565836299	0.17793594306	0.277580071174	0.282918149466
0.224199288256	0.261565836299	0.298932384342	0.215302491103
0.261565836299	0.202846975089	0.23665480427	0.298932384342
0.38256227758	0.275800711744	0.268683274021	0.0729537366548
0.0106761565836	0.00889679715302	0.00533807829181	0.975088967972
0.00355871886121	0.0017793594306	0.889679715302	0.104982206406
0.980427046263	0.0017793594306	0.0017793594306	0.0160142348754
0.0782918149466	0.00711743772242	0.798932384342	0.115658362989
0.0017793594306	0.0017793594306	0.00533807829181	0.991103202847
0.0498220640569	0.946619217082	0.0017793594306	0.0017793594306
0.987544483986	0.00355871886121	0.0017793594306	0.00711743772242

MOTIF Pfenning_D1pos_Nac_fold3_6.fwd
letter-probability matrix: alength= 4 w= 11 nsites= 556 E= 0
0.210431654676	0.145683453237	0.311151079137	0.33273381295
0.142086330935	0.473021582734	0.118705035971	0.26618705036
0.0395683453237	0.23381294964	0.0557553956835	0.670863309353
0.622302158273	0.0737410071942	0.091726618705	0.212230215827
0.654676258993	0.0323741007194	0.0665467625899	0.246402877698
0.890287769784	0.0089928057554	0.0395683453237	0.0611510791367
0.928057553957	0.00359712230216	0.00719424460432	0.0611510791367
0.742805755396	0.0	0.00539568345324	0.251798561151
0.0125899280576	0.00719424460432	0.0	0.980215827338
0.955035971223	0.00359712230216	0.00719424460432	0.0341726618705
0.143884892086	0.0395683453237	0.742805755396	0.0737410071942

MOTIF Pfenning_D1pos_Nac_fold3_7.fwd
letter-probability matrix: alength= 4 w= 11 nsites= 521 E= 0
0.201535508637	0.159309021113	0.201535508637	0.437619961612
0.209213051823	0.132437619962	0.170825335893	0.487523992322
0.234165067179	0.145873320537	0.120921305182	0.499040307102
0.147792706334	0.084452975048	0.0882917466411	0.679462571977
0.0614203454894	0.0518234165067	0.0537428023033	0.833013435701
0.0460652591171	0.0479846449136	0.0345489443378	0.871401151631
0.0441458733205	0.0786948176583	0.021113243762	0.856046065259
0.0460652591171	0.0403071017274	0.021113243762	0.892514395393
0.0268714011516	0.042226487524	0.0249520153551	0.905950095969
0.0326295585413	0.145873320537	0.0268714011516	0.79462571977
0.0479846449136	0.143953934741	0.0326295585413	0.775431861804

MOTIF Pfenning_D1pos_Nac_fold3_8.fwd
letter-probability matrix: alength= 4 w= 11 nsites= 505 E= 0
0.312871287129	0.158415841584	0.249504950495	0.279207920792
0.279207920792	0.277227722772	0.231683168317	0.211881188119
0.312871287129	0.128712871287	0.178217821782	0.380198019802
0.20198019802	0.0613861386139	0.59603960396	0.140594059406
0.374257425743	0.259405940594	0.150495049505	0.215841584158
0.483168316832	0.136633663366	0.154455445545	0.225742574257
0.0633663366337	0.0514851485149	0.0455445544554	0.839603960396
0.942574257426	0.0138613861386	0.019801980198	0.0237623762376
0.960396039604	0.0019801980198	0.0039603960396	0.0336633663366
0.0811881188119	0.00594059405941	0.0019801980198	0.910891089109
0.0316831683168	0.039603960396	0.039603960396	0.889108910891

MOTIF Pfenning_D1pos_Nac_fold3_9.fwd
letter-probability matrix: alength= 4 w= 11 nsites= 397 E= 0
0.219143576826	0.420654911839	0.183879093199	0.176322418136
0.151133501259	0.284634760705	0.377833753149	0.186397984887
0.148614609572	0.340050377834	0.294710327456	0.216624685139
0.168765743073	0.403022670025	0.324937027708	0.103274559194
0.249370277078	0.31234256927	0.249370277078	0.188916876574
0.0503778337531	0.0680100755668	0.833753148615	0.0478589420655
0.0226700251889	0.959697732997	0.00755667506297	0.0100755667506
0.00503778337531	0.0327455919395	0.919395465995	0.0428211586902
0.0403022670025	0.702770780856	0.198992443325	0.0579345088161
0.297229219144	0.130982367758	0.241813602015	0.329974811083
0.0352644836272	0.113350125945	0.770780856423	0.080604534005

MOTIF Pfenning_D1pos_Nac_fold3_10.fwd
letter-probability matrix: alength= 4 w= 11 nsites= 364 E= 0
0.263736263736	0.239010989011	0.178571428571	0.318681318681
0.274725274725	0.145604395604	0.0934065934066	0.486263736264
0.14010989011	0.101648351648	0.0906593406593	0.667582417582
0.142857142857	0.131868131868	0.142857142857	0.582417582418
0.195054945055	0.151098901099	0.159340659341	0.494505494505
0.554945054945	0.0796703296703	0.214285714286	0.151098901099
0.793956043956	0.0604395604396	0.10989010989	0.0357142857143
0.961538461538	0.0137362637363	0.010989010989	0.0137362637363
0.868131868132	0.010989010989	0.0796703296703	0.0412087912088
0.43956043956	0.118131868132	0.120879120879	0.321428571429
0.0879120879121	0.0302197802198	0.769230769231	0.112637362637

MOTIF Pfenning_D1pos_Nac_fold3_11.fwd
letter-probability matrix: alength= 4 w= 11 nsites= 322 E= 0
0.0403726708075	0.391304347826	0.027950310559	0.540372670807
0.0590062111801	0.00931677018634	0.782608695652	0.149068322981
0.055900621118	0.928571428571	0.00621118012422	0.00931677018634
0.00310559006211	0.990683229814	0.0	0.00621118012422
0.496894409938	0.493788819876	0.00310559006211	0.00621118012422
0.00621118012422	0.512422360248	0.0	0.481366459627
0.0	0.993788819876	0.0	0.00621118012422
0.0248447204969	0.0527950310559	0.0186335403727	0.903726708075
0.425465838509	0.0248447204969	0.360248447205	0.189440993789
0.0310559006211	0.298136645963	0.655279503106	0.0155279503106
0.055900621118	0.0465838509317	0.00621118012422	0.891304347826

MOTIF Pfenning_D1pos_Nac_fold3_12.fwd
letter-probability matrix: alength= 4 w= 11 nsites= 170 E= 0
0.141176470588	0.0882352941176	0.394117647059	0.376470588235
0.00588235294118	0.0	0.988235294118	0.00588235294118
0.0176470588235	0.0647058823529	0.0	0.917647058824
0.0294117647059	0.0235294117647	0.0	0.947058823529
0.152941176471	0.0117647058824	0.670588235294	0.164705882353
0.00588235294118	0.976470588235	0.0	0.0176470588235
0.0	0.682352941176	0.00588235294118	0.311764705882
0.847058823529	0.00588235294118	0.00588235294118	0.141176470588
0.229411764706	0.0117647058824	0.188235294118	0.570588235294
0.0882352941176	0.0	0.911764705882	0.0
0.0529411764706	0.158823529412	0.758823529412	0.0294117647059

MOTIF Pfenning_D1pos_Nac_fold3_13.fwd
letter-probability matrix: alength= 4 w= 11 nsites= 107 E= 0
0.289719626168	0.411214953271	0.140186915888	0.158878504673
0.476635514019	0.177570093458	0.0841121495327	0.261682242991
0.168224299065	0.0280373831776	0.0560747663551	0.747663551402
0.00934579439252	0.018691588785	0.00934579439252	0.96261682243
0.018691588785	0.0560747663551	0.0	0.92523364486
0.242990654206	0.102803738318	0.0841121495327	0.570093457944
0.429906542056	0.392523364486	0.0841121495327	0.0934579439252
0.747663551402	0.0934579439252	0.0373831775701	0.121495327103
0.551401869159	0.233644859813	0.196261682243	0.018691588785
0.654205607477	0.0373831775701	0.121495327103	0.18691588785
0.00934579439252	0.0	0.953271028037	0.0373831775701

MOTIF Pfenning_D1pos_Nac_fold3_14.fwd
letter-probability matrix: alength= 4 w= 11 nsites= 94 E= 0
0.244680851064	0.265957446809	0.148936170213	0.340425531915
0.117021276596	0.063829787234	0.0744680851064	0.744680851064
0.0957446808511	0.0212765957447	0.031914893617	0.851063829787
0.063829787234	0.031914893617	0.18085106383	0.723404255319
0.425531914894	0.159574468085	0.18085106383	0.234042553191
1.0	0.0	0.0	0.0
1.0	0.0	0.0	0.0
0.808510638298	0.0	0.0212765957447	0.170212765957
0.191489361702	0.202127659574	0.191489361702	0.414893617021
0.223404255319	0.18085106383	0.223404255319	0.372340425532
0.170212765957	0.106382978723	0.478723404255	0.244680851064

MOTIF Pfenning_D1pos_Nac_fold3_15.fwd
letter-probability matrix: alength= 4 w= 11 nsites= 83 E= 0
0.21686746988	0.156626506024	0.132530120482	0.493975903614
0.240963855422	0.132530120482	0.0602409638554	0.566265060241
0.0481927710843	0.0361445783133	0.0602409638554	0.855421686747
0.0602409638554	0.0602409638554	0.0481927710843	0.831325301205
0.228915662651	0.325301204819	0.0963855421687	0.349397590361
0.626506024096	0.156626506024	0.0602409638554	0.156626506024
0.590361445783	0.192771084337	0.0481927710843	0.168674698795
0.602409638554	0.0602409638554	0.0602409638554	0.277108433735
0.361445783133	0.132530120482	0.301204819277	0.204819277108
0.277108433735	0.33734939759	0.0361445783133	0.349397590361
0.144578313253	0.0361445783133	0.566265060241	0.253012048193

MOTIF Pfenning_D1pos_Nac_fold3_16.fwd
letter-probability matrix: alength= 4 w= 11 nsites= 45 E= 0
0.422222222222	0.177777777778	0.222222222222	0.177777777778
0.377777777778	0.111111111111	0.244444444444	0.266666666667
0.2	0.2	0.0888888888889	0.511111111111
0.222222222222	0.0666666666667	0.0888888888889	0.622222222222
0.111111111111	0.133333333333	0.0888888888889	0.666666666667
0.133333333333	0.0222222222222	0.0666666666667	0.777777777778
0.266666666667	0.222222222222	0.155555555556	0.355555555556
0.666666666667	0.133333333333	0.0666666666667	0.133333333333
0.511111111111	0.0666666666667	0.244444444444	0.177777777778
0.4	0.288888888889	0.0888888888889	0.222222222222
0.266666666667	0.244444444444	0.222222222222	0.266666666667

MOTIF Pfenning_D1pos_Nac_fold3_17.fwd
letter-probability matrix: alength= 4 w= 11 nsites= 37 E= 0
0.243243243243	0.324324324324	0.108108108108	0.324324324324
0.162162162162	0.162162162162	0.0810810810811	0.594594594595
0.162162162162	0.027027027027	0.027027027027	0.783783783784
0.135135135135	0.135135135135	0.108108108108	0.621621621622
0.108108108108	0.486486486486	0.108108108108	0.297297297297
0.513513513514	0.243243243243	0.0810810810811	0.162162162162
0.594594594595	0.108108108108	0.0540540540541	0.243243243243
0.459459459459	0.378378378378	0.135135135135	0.027027027027
0.378378378378	0.027027027027	0.432432432432	0.162162162162
0.243243243243	0.27027027027	0.27027027027	0.216216216216
0.135135135135	0.0	0.756756756757	0.108108108108

