MEME version 4

ALPHABET= ACGT

strands: + -

Background letter frequencies (from unknown source)
A 0.250 C 0.250 G 0.250 T 0.250

MOTIF Pfenning_D1pos_Cpu_fold1_1.fwd
letter-probability matrix: alength= 4 w= 11 nsites= 798 E= 0
0.285714285714	0.249373433584	0.191729323308	0.273182957393
0.260651629073	0.251879699248	0.224310776942	0.263157894737
0.284461152882	0.233082706767	0.238095238095	0.244360902256
0.339598997494	0.260651629073	0.196741854637	0.203007518797
0.256892230576	0.0325814536341	0.18045112782	0.53007518797
0.0551378446115	0.00501253132832	0.934837092732	0.00501253132832
0.421052631579	0.0651629072682	0.22305764411	0.290726817043
0.0	0.996240601504	0.00125313283208	0.00250626566416
0.0	0.991228070175	0.00125313283208	0.00751879699248
0.645363408521	0.125313283208	0.00877192982456	0.220551378446
0.177944862155	0.215538847118	0.281954887218	0.324561403509

MOTIF Pfenning_D1pos_Cpu_fold1_2.fwd
letter-probability matrix: alength= 4 w= 11 nsites= 404 E= 0
0.29702970297	0.180693069307	0.259900990099	0.262376237624
0.262376237624	0.391089108911	0.143564356436	0.20297029703
0.15099009901	0.391089108911	0.173267326733	0.284653465347
0.405940594059	0.190594059406	0.217821782178	0.185643564356
0.0321782178218	0.888613861386	0.0148514851485	0.0643564356436
0.0173267326733	0.920792079208	0.0	0.0618811881188
0.997524752475	0.0	0.0	0.00247524752475
0.0148514851485	0.0594059405941	0.0222772277228	0.903465346535
0.237623762376	0.111386138614	0.596534653465	0.0544554455446
0.195544554455	0.133663366337	0.393564356436	0.277227722772
0.190594059406	0.264851485149	0.274752475248	0.269801980198

MOTIF Pfenning_D1pos_Cpu_fold1_3.fwd
letter-probability matrix: alength= 4 w= 11 nsites= 165 E= 0
0.315151515152	0.133333333333	0.121212121212	0.430303030303
0.0666666666667	0.0	0.0181818181818	0.915151515152
0.406060606061	0.0242424242424	0.49696969697	0.0727272727273
0.00606060606061	0.0	0.00606060606061	0.987878787879
0.0363636363636	0.0	0.0121212121212	0.951515151515
0.0242424242424	0.00606060606061	0.315151515152	0.654545454545
0.472727272727	0.030303030303	0.321212121212	0.175757575758
0.0606060606061	0.266666666667	0.0424242424242	0.630303030303
0.193939393939	0.278787878788	0.187878787879	0.339393939394
0.442424242424	0.0727272727273	0.0787878787879	0.406060606061
0.242424242424	0.139393939394	0.224242424242	0.393939393939

MOTIF Pfenning_D1pos_Cpu_fold1_4.fwd
letter-probability matrix: alength= 4 w= 11 nsites= 156 E= 0
0.282051282051	0.147435897436	0.237179487179	0.333333333333
0.24358974359	0.134615384615	0.185897435897	0.435897435897
0.217948717949	0.102564102564	0.160256410256	0.519230769231
0.166666666667	0.134615384615	0.282051282051	0.416666666667
0.134615384615	0.0384615384615	0.0641025641026	0.762820512821
0.0192307692308	0.0	0.0128205128205	0.967948717949
0.0	0.0	1.0	0.0
0.00641025641026	0.0128205128205	0.0576923076923	0.923076923077
0.0128205128205	0.00641025641026	0.025641025641	0.955128205128
0.0192307692308	0.0	0.352564102564	0.628205128205
0.339743589744	0.0512820512821	0.25641025641	0.352564102564

MOTIF Pfenning_D1pos_Cpu_fold1_5.fwd
letter-probability matrix: alength= 4 w= 11 nsites= 159 E= 0
0.238993710692	0.176100628931	0.22641509434	0.358490566038
0.150943396226	0.490566037736	0.220125786164	0.138364779874
0.194968553459	0.320754716981	0.11320754717	0.37106918239
0.471698113208	0.22641509434	0.220125786164	0.0817610062893
0.100628930818	0.0	0.194968553459	0.704402515723
0.0251572327044	0.0	0.974842767296	0.0
0.11320754717	0.0251572327044	0.0251572327044	0.836477987421
0.169811320755	0.0691823899371	0.679245283019	0.0817610062893
0.125786163522	0.150943396226	0.238993710692	0.48427672956
0.157232704403	0.0943396226415	0.509433962264	0.238993710692
0.213836477987	0.062893081761	0.25786163522	0.465408805031

MOTIF Pfenning_D1pos_Cpu_fold1_6.fwd
letter-probability matrix: alength= 4 w= 11 nsites= 150 E= 0
0.186666666667	0.0866666666667	0.16	0.566666666667
0.166666666667	0.0266666666667	0.113333333333	0.693333333333
0.306666666667	0.0333333333333	0.32	0.34
0.06	0.08	0.133333333333	0.726666666667
0.14	0.0266666666667	0.106666666667	0.726666666667
0.0266666666667	0.0	0.0266666666667	0.946666666667
0.313333333333	0.0666666666667	0.48	0.14
0.0266666666667	0.02	0.06	0.893333333333
0.0533333333333	0.0266666666667	0.0333333333333	0.886666666667
0.0666666666667	0.0133333333333	0.24	0.68
0.293333333333	0.0133333333333	0.286666666667	0.406666666667

MOTIF Pfenning_D1pos_Cpu_fold1_7.fwd
letter-probability matrix: alength= 4 w= 11 nsites= 139 E= 0
0.302158273381	0.215827338129	0.187050359712	0.294964028777
0.294964028777	0.194244604317	0.230215827338	0.280575539568
0.244604316547	0.0431654676259	0.230215827338	0.482014388489
0.172661870504	0.00719424460432	0.719424460432	0.10071942446
0.0215827338129	0.00719424460432	0.971223021583	0.0
0.00719424460432	0.00719424460432	0.0	0.985611510791
0.877697841727	0.0143884892086	0.0935251798561	0.0143884892086
0.0431654676259	0.0431654676259	0.194244604317	0.719424460432
0.561151079137	0.0215827338129	0.230215827338	0.187050359712
0.0647482014388	0.151079136691	0.690647482014	0.0935251798561
0.223021582734	0.165467625899	0.410071942446	0.201438848921

MOTIF Pfenning_D1pos_Cpu_fold1_8.fwd
letter-probability matrix: alength= 4 w= 11 nsites= 108 E= 0
0.277777777778	0.268518518519	0.157407407407	0.296296296296
0.435185185185	0.12962962963	0.222222222222	0.212962962963
0.175925925926	0.00925925925926	0.5	0.314814814815
0.00925925925926	0.00925925925926	0.981481481481	0.0
0.148148148148	0.0185185185185	0.00925925925926	0.824074074074
0.537037037037	0.037037037037	0.314814814815	0.111111111111
0.0740740740741	0.12962962963	0.583333333333	0.212962962963
0.157407407407	0.0925925925926	0.537037037037	0.212962962963
0.240740740741	0.12962962963	0.222222222222	0.407407407407
0.37962962963	0.148148148148	0.314814814815	0.157407407407
0.185185185185	0.268518518519	0.37962962963	0.166666666667

MOTIF Pfenning_D1pos_Cpu_fold1_9.fwd
letter-probability matrix: alength= 4 w= 11 nsites= 106 E= 0
0.292452830189	0.150943396226	0.245283018868	0.311320754717
0.405660377358	0.150943396226	0.150943396226	0.292452830189
0.452830188679	0.22641509434	0.141509433962	0.179245283019
0.5	0.150943396226	0.0849056603774	0.264150943396
0.433962264151	0.132075471698	0.0849056603774	0.349056603774
0.22641509434	0.0283018867925	0.0377358490566	0.707547169811
0.254716981132	0.0188679245283	0.490566037736	0.235849056604
0.0	0.00943396226415	0.0	0.990566037736
0.0	0.0	0.0	1.0
0.0	0.0	0.0	1.0
0.424528301887	0.122641509434	0.169811320755	0.283018867925

MOTIF Pfenning_D1pos_Cpu_fold1_10.fwd
letter-probability matrix: alength= 4 w= 11 nsites= 97 E= 0
0.247422680412	0.237113402062	0.237113402062	0.278350515464
0.185567010309	0.226804123711	0.350515463918	0.237113402062
0.40206185567	0.134020618557	0.216494845361	0.247422680412
0.494845360825	0.0515463917526	0.20618556701	0.247422680412
0.154639175258	0.0412371134021	0.618556701031	0.185567010309
0.525773195876	0.309278350515	0.103092783505	0.0618556701031
0.0	1.0	0.0	0.0
0.0309278350515	0.969072164948	0.0	0.0
0.0824742268041	0.907216494845	0.0	0.0103092783505
0.19587628866	0.711340206186	0.0	0.0927835051546
0.412371134021	0.288659793814	0.0412371134021	0.257731958763

MOTIF Pfenning_D1pos_Cpu_fold1_11.fwd
letter-probability matrix: alength= 4 w= 11 nsites= 90 E= 0
0.311111111111	0.144444444444	0.233333333333	0.311111111111
0.133333333333	0.211111111111	0.144444444444	0.511111111111
0.4	0.122222222222	0.233333333333	0.244444444444
0.0555555555556	0.0333333333333	0.0111111111111	0.9
0.311111111111	0.0	0.677777777778	0.0111111111111
0.0	0.0	0.0111111111111	0.988888888889
0.555555555556	0.0111111111111	0.3	0.133333333333
0.0	0.0	0.0	1.0
0.588888888889	0.0333333333333	0.322222222222	0.0555555555556
0.0111111111111	0.177777777778	0.0666666666667	0.744444444444
0.344444444444	0.144444444444	0.377777777778	0.133333333333

MOTIF Pfenning_D1pos_Cpu_fold1_12.fwd
letter-probability matrix: alength= 4 w= 11 nsites= 69 E= 0
0.130434782609	0.130434782609	0.521739130435	0.217391304348
0.68115942029	0.159420289855	0.101449275362	0.0579710144928
0.188405797101	0.0289855072464	0.478260869565	0.304347826087
0.333333333333	0.0434782608696	0.478260869565	0.144927536232
0.0579710144928	0.0869565217391	0.768115942029	0.0869565217391
0.840579710145	0.0289855072464	0.115942028986	0.0144927536232
0.0	0.0	0.0	1.0
0.0144927536232	0.0	0.985507246377	0.0
0.0434782608696	0.0	0.95652173913	0.0
0.173913043478	0.63768115942	0.0434782608696	0.144927536232
0.217391304348	0.0724637681159	0.130434782609	0.579710144928

MOTIF Pfenning_D1pos_Cpu_fold1_13.fwd
letter-probability matrix: alength= 4 w= 11 nsites= 46 E= 0
0.434782608696	0.239130434783	0.0434782608696	0.282608695652
0.326086956522	0.195652173913	0.173913043478	0.304347826087
0.239130434783	0.0217391304348	0.521739130435	0.217391304348
0.0	0.0	0.978260869565	0.0217391304348
0.0	0.0434782608696	0.0	0.95652173913
0.826086956522	0.0217391304348	0.130434782609	0.0217391304348
0.0	1.0	0.0	0.0
0.217391304348	0.108695652174	0.0434782608696	0.630434782609
0.195652173913	0.108695652174	0.5	0.195652173913
0.282608695652	0.108695652174	0.369565217391	0.239130434783
0.195652173913	0.152173913043	0.413043478261	0.239130434783

MOTIF Pfenning_D1pos_Cpu_fold1_14.fwd
letter-probability matrix: alength= 4 w= 11 nsites= 43 E= 0
0.162790697674	0.162790697674	0.46511627907	0.209302325581
0.279069767442	0.162790697674	0.395348837209	0.162790697674
0.162790697674	0.139534883721	0.348837209302	0.348837209302
0.232558139535	0.162790697674	0.302325581395	0.302325581395
0.53488372093	0.116279069767	0.325581395349	0.0232558139535
0.0232558139535	0.0232558139535	0.0	0.953488372093
0.348837209302	0.0	0.651162790698	0.0
0.0232558139535	0.046511627907	0.93023255814	0.0
0.139534883721	0.0697674418605	0.162790697674	0.627906976744
0.139534883721	0.046511627907	0.720930232558	0.093023255814
0.093023255814	0.116279069767	0.627906976744	0.162790697674

MOTIF Pfenning_D1pos_Cpu_fold1_15.fwd
letter-probability matrix: alength= 4 w= 11 nsites= 37 E= 0
0.297297297297	0.216216216216	0.189189189189	0.297297297297
0.297297297297	0.216216216216	0.324324324324	0.162162162162
0.243243243243	0.27027027027	0.324324324324	0.162162162162
0.432432432432	0.135135135135	0.351351351351	0.0810810810811
0.027027027027	0.027027027027	0.0540540540541	0.891891891892
0.594594594595	0.027027027027	0.378378378378	0.0
0.0810810810811	0.027027027027	0.162162162162	0.72972972973
0.378378378378	0.0	0.351351351351	0.27027027027
0.0	0.0	1.0	0.0
0.027027027027	0.027027027027	0.378378378378	0.567567567568
0.567567567568	0.0	0.297297297297	0.135135135135

