MEME version 4

ALPHABET= ACGT

strands: + -

Background letter frequencies (from unknown source)
A 0.250 C 0.250 G 0.250 T 0.250

MOTIF Pfenning_D1pos_Nac_fold4_1.fwd
letter-probability matrix: alength= 4 w= 11 nsites= 987 E= 0
0.233029381966	0.393110435664	0.183383991895	0.190476190476
0.209726443769	0.45390070922	0.144883485309	0.191489361702
0.311043566363	0.206686930091	0.165146909828	0.317122593718
0.252279635258	0.216818642351	0.255319148936	0.275582573455
0.271529888551	0.23201621074	0.238095238095	0.258358662614
0.276595744681	0.207700101317	0.23201621074	0.283687943262
0.318135764944	0.234042553191	0.238095238095	0.209726443769
0.233029381966	0.0668693009119	0.210739614995	0.489361702128
0.0547112462006	0.0597771023303	0.819655521783	0.0658561296859
0.0618034447822	0.0699088145897	0.794326241135	0.0739614994934
0.326241134752	0.123606889564	0.106382978723	0.44376899696

MOTIF Pfenning_D1pos_Nac_fold4_2.fwd
letter-probability matrix: alength= 4 w= 11 nsites= 289 E= 0
0.39446366782	0.152249134948	0.273356401384	0.179930795848
0.083044982699	0.159169550173	0.134948096886	0.622837370242
0.387543252595	0.100346020761	0.463667820069	0.0484429065744
0.0	0.0207612456747	0.00346020761246	0.975778546713
0.975778546713	0.00346020761246	0.0138408304498	0.00692041522491
0.0	0.0553633217993	0.0103806228374	0.934256055363
0.698961937716	0.0415224913495	0.242214532872	0.0173010380623
0.0207612456747	0.190311418685	0.321799307958	0.467128027682
0.387543252595	0.159169550173	0.262975778547	0.190311418685
0.19723183391	0.186851211073	0.114186851211	0.501730103806
0.259515570934	0.162629757785	0.22491349481	0.352941176471

MOTIF Pfenning_D1pos_Nac_fold4_3.fwd
letter-probability matrix: alength= 4 w= 11 nsites= 149 E= 0
0.201342281879	0.275167785235	0.308724832215	0.214765100671
0.214765100671	0.228187919463	0.208053691275	0.348993288591
0.228187919463	0.174496644295	0.342281879195	0.255033557047
0.161073825503	0.221476510067	0.429530201342	0.187919463087
0.0671140939597	0.0671140939597	0.10067114094	0.765100671141
0.248322147651	0.0402684563758	0.644295302013	0.0671140939597
0.127516778523	0.0671140939597	0.657718120805	0.147651006711
0.0738255033557	0.0	0.0738255033557	0.852348993289
0.0536912751678	0.0	0.926174496644	0.0201342281879
0.0134228187919	0.00671140939597	0.96644295302	0.0134228187919
0.0335570469799	0.0738255033557	0.0939597315436	0.798657718121

MOTIF Pfenning_D1pos_Nac_fold4_4.fwd
letter-probability matrix: alength= 4 w= 11 nsites= 146 E= 0
0.171232876712	0.321917808219	0.315068493151	0.191780821918
0.335616438356	0.184931506849	0.178082191781	0.301369863014
0.0547945205479	0.520547945205	0.219178082192	0.205479452055
0.746575342466	0.0753424657534	0.116438356164	0.0616438356164
0.0342465753425	0.027397260274	0.027397260274	0.91095890411
0.0479452054795	0.013698630137	0.931506849315	0.00684931506849
0.041095890411	0.0616438356164	0.828767123288	0.0684931506849
0.027397260274	0.013698630137	0.0547945205479	0.904109589041
0.143835616438	0.027397260274	0.753424657534	0.0753424657534
0.191780821918	0.041095890411	0.650684931507	0.116438356164
0.205479452055	0.294520547945	0.205479452055	0.294520547945

MOTIF Pfenning_D1pos_Nac_fold4_5.fwd
letter-probability matrix: alength= 4 w= 11 nsites= 141 E= 0
0.248226950355	0.219858156028	0.248226950355	0.283687943262
0.347517730496	0.0921985815603	0.283687943262	0.276595744681
0.156028368794	0.198581560284	0.36170212766	0.283687943262
0.184397163121	0.397163120567	0.106382978723	0.312056737589
0.00709219858156	0.68085106383	0.0212765957447	0.290780141844
0.978723404255	0.00709219858156	0.0141843971631	0.0
0.0	0.0212765957447	0.0354609929078	0.943262411348
0.163120567376	0.0212765957447	0.780141843972	0.0354609929078
0.0354609929078	0.0	0.943262411348	0.0212765957447
0.063829787234	0.269503546099	0.560283687943	0.106382978723
0.191489361702	0.141843971631	0.0780141843972	0.58865248227

MOTIF Pfenning_D1pos_Nac_fold4_6.fwd
letter-probability matrix: alength= 4 w= 11 nsites= 100 E= 0
0.15	0.3	0.28	0.27
0.15	0.61	0.2	0.04
0.08	0.33	0.07	0.52
0.65	0.15	0.11	0.09
0.03	0.06	0.05	0.86
0.9	0.02	0.07	0.01
0.01	0.92	0.06	0.01
0.1	0.75	0.02	0.13
0.26	0.3	0.02	0.42
0.33	0.3	0.11	0.26
0.23	0.28	0.16	0.33

MOTIF Pfenning_D1pos_Nac_fold4_7.fwd
letter-probability matrix: alength= 4 w= 11 nsites= 87 E= 0
0.413793103448	0.298850574713	0.126436781609	0.16091954023
0.620689655172	0.0689655172414	0.298850574713	0.0114942528736
0.287356321839	0.137931034483	0.0	0.574712643678
0.551724137931	0.425287356322	0.0	0.0229885057471
0.793103448276	0.0689655172414	0.0344827586207	0.103448275862
0.954022988506	0.0114942528736	0.0114942528736	0.0229885057471
0.0919540229885	0.770114942529	0.0114942528736	0.126436781609
0.827586206897	0.114942528736	0.0	0.0574712643678
0.586206896552	0.16091954023	0.0114942528736	0.241379310345
0.459770114943	0.241379310345	0.137931034483	0.16091954023
0.436781609195	0.218390804598	0.137931034483	0.206896551724

MOTIF Pfenning_D1pos_Nac_fold4_8.fwd
letter-probability matrix: alength= 4 w= 11 nsites= 87 E= 0
0.264367816092	0.126436781609	0.149425287356	0.459770114943
0.298850574713	0.0574712643678	0.379310344828	0.264367816092
0.402298850575	0.16091954023	0.229885057471	0.206896551724
0.126436781609	0.632183908046	0.16091954023	0.0804597701149
0.0459770114943	0.919540229885	0.0229885057471	0.0114942528736
0.0574712643678	0.528735632184	0.0	0.413793103448
0.827586206897	0.0689655172414	0.0804597701149	0.0229885057471
0.0804597701149	0.0689655172414	0.0114942528736	0.83908045977
0.919540229885	0.0114942528736	0.0574712643678	0.0114942528736
0.0919540229885	0.48275862069	0.264367816092	0.16091954023
0.379310344828	0.183908045977	0.310344827586	0.126436781609

MOTIF Pfenning_D1pos_Nac_fold4_9.fwd
letter-probability matrix: alength= 4 w= 11 nsites= 67 E= 0
0.462686567164	0.283582089552	0.10447761194	0.149253731343
0.432835820896	0.313432835821	0.10447761194	0.149253731343
0.805970149254	0.119402985075	0.044776119403	0.0298507462687
0.253731343284	0.44776119403	0.0298507462687	0.268656716418
0.462686567164	0.417910447761	0.0298507462687	0.089552238806
0.925373134328	0.044776119403	0.0	0.0298507462687
0.89552238806	0.10447761194	0.0	0.0
0.179104477612	0.761194029851	0.0149253731343	0.044776119403
0.567164179104	0.268656716418	0.0149253731343	0.149253731343
0.731343283582	0.134328358209	0.0298507462687	0.10447761194
0.522388059701	0.223880597015	0.089552238806	0.164179104478

MOTIF Pfenning_D1pos_Nac_fold4_10.fwd
letter-probability matrix: alength= 4 w= 11 nsites= 51 E= 0
0.588235294118	0.254901960784	0.0392156862745	0.117647058824
0.764705882353	0.117647058824	0.0196078431373	0.0980392156863
0.843137254902	0.078431372549	0.0588235294118	0.0196078431373
0.196078431373	0.607843137255	0.0588235294118	0.137254901961
0.843137254902	0.078431372549	0.0196078431373	0.0588235294118
0.960784313725	0.0	0.0196078431373	0.0196078431373
0.941176470588	0.0392156862745	0.0	0.0196078431373
0.21568627451	0.725490196078	0.0196078431373	0.0392156862745
0.705882352941	0.078431372549	0.0392156862745	0.176470588235
0.627450980392	0.137254901961	0.0980392156863	0.137254901961
0.352941176471	0.21568627451	0.21568627451	0.21568627451

MOTIF Pfenning_D1pos_Nac_fold4_11.fwd
letter-probability matrix: alength= 4 w= 11 nsites= 43 E= 0
0.441860465116	0.232558139535	0.162790697674	0.162790697674
0.53488372093	0.186046511628	0.116279069767	0.162790697674
0.488372093023	0.0697674418605	0.0697674418605	0.372093023256
0.627906976744	0.279069767442	0.046511627907	0.046511627907
0.744186046512	0.0697674418605	0.093023255814	0.093023255814
0.139534883721	0.581395348837	0.0232558139535	0.255813953488
0.581395348837	0.395348837209	0.0	0.0232558139535
0.953488372093	0.046511627907	0.0	0.0
0.953488372093	0.046511627907	0.0	0.0
0.0697674418605	0.604651162791	0.0	0.325581395349
1.0	0.0	0.0	0.0

