MEME version 4

ALPHABET= ACGT

strands: + -

Background letter frequencies (from unknown source)
A 0.250 C 0.250 G 0.250 T 0.250

MOTIF Pfenning_D2pos_Cpu_fold5_1.fwd
letter-probability matrix: alength= 4 w= 11 nsites= 692 E= 0
0.317919075145	0.276011560694	0.215317919075	0.190751445087
0.260115606936	0.143063583815	0.131502890173	0.465317919075
0.125722543353	0.106936416185	0.622832369942	0.14450867052
0.354046242775	0.128612716763	0.219653179191	0.297687861272
0.127167630058	0.638728323699	0.0939306358382	0.140173410405
0.10838150289	0.638728323699	0.10549132948	0.147398843931
0.553468208092	0.145953757225	0.099710982659	0.200867052023
0.25289017341	0.200867052023	0.248554913295	0.297687861272
0.326589595376	0.189306358382	0.221098265896	0.263005780347
0.263005780347	0.221098265896	0.219653179191	0.296242774566
0.287572254335	0.228323699422	0.238439306358	0.245664739884

MOTIF Pfenning_D2pos_Cpu_fold5_2.fwd
letter-probability matrix: alength= 4 w= 11 nsites= 566 E= 0
0.249116607774	0.116607773852	0.181978798587	0.452296819788
0.196113074205	0.136042402827	0.13074204947	0.537102473498
0.157243816254	0.0512367491166	0.109540636042	0.681978798587
0.0547703180212	0.00706713780919	0.047703180212	0.890459363958
0.21554770318	0.00883392226148	0.717314487633	0.0583038869258
0.0017667844523	0.0017667844523	0.0141342756184	0.982332155477
0.0229681978799	0.00706713780919	0.0247349823322	0.945229681979
0.0229681978799	0.00530035335689	0.185512367491	0.786219081272
0.291519434629	0.0565371024735	0.289752650177	0.362190812721
0.0406360424028	0.151943462898	0.143109540636	0.664310954064
0.203180212014	0.13074204947	0.197879858657	0.468197879859

MOTIF Pfenning_D2pos_Cpu_fold5_3.fwd
letter-probability matrix: alength= 4 w= 11 nsites= 497 E= 0
0.51106639839	0.128772635815	0.197183098592	0.162977867203
0.171026156942	0.112676056338	0.0985915492958	0.617706237425
0.605633802817	0.0965794768612	0.134808853119	0.162977867203
0.187122736419	0.169014084507	0.189134808853	0.454728370221
0.33199195171	0.195171026157	0.289738430584	0.183098591549
0.23138832998	0.227364185111	0.187122736419	0.354124748491
0.329979879276	0.265593561368	0.249496981891	0.154929577465
0.102615694165	0.275653923541	0.140845070423	0.480885311871
0.674044265594	0.0764587525151	0.10060362173	0.148893360161
0.112676056338	0.118712273642	0.0885311871227	0.680080482897
0.69416498994	0.1046277666	0.092555331992	0.108651911469

MOTIF Pfenning_D2pos_Cpu_fold5_4.fwd
letter-probability matrix: alength= 4 w= 11 nsites= 173 E= 0
0.254335260116	0.323699421965	0.0635838150289	0.35838150289
0.670520231214	0.0982658959538	0.0867052023121	0.14450867052
0.0520231213873	0.757225433526	0.115606936416	0.0751445086705
0.0982658959538	0.682080924855	0.0231213872832	0.196531791908
0.965317919075	0.0	0.0	0.0346820809249
0.0231213872832	0.913294797688	0.0404624277457	0.0231213872832
0.0346820809249	0.791907514451	0.0	0.173410404624
0.942196531792	0.00578034682081	0.00578034682081	0.0462427745665
0.132947976879	0.404624277457	0.138728323699	0.323699421965
0.196531791908	0.468208092486	0.109826589595	0.225433526012
0.445086705202	0.179190751445	0.190751445087	0.184971098266

MOTIF Pfenning_D2pos_Cpu_fold5_5.fwd
letter-probability matrix: alength= 4 w= 11 nsites= 101 E= 0
0.386138613861	0.118811881188	0.306930693069	0.188118811881
0.336633663366	0.0792079207921	0.257425742574	0.326732673267
0.247524752475	0.049504950495	0.594059405941	0.108910891089
0.237623762376	0.0693069306931	0.584158415842	0.108910891089
0.128712871287	0.19801980198	0.306930693069	0.366336633663
0.366336633663	0.0891089108911	0.326732673267	0.217821782178
0.029702970297	0.514851485149	0.247524752475	0.207920792079
0.752475247525	0.00990099009901	0.0990099009901	0.138613861386
0.00990099009901	0.00990099009901	0.960396039604	0.019801980198
0.217821782178	0.049504950495	0.257425742574	0.475247524752
0.29702970297	0.049504950495	0.574257425743	0.0792079207921

MOTIF Pfenning_D2pos_Cpu_fold5_6.fwd
letter-probability matrix: alength= 4 w= 11 nsites= 90 E= 0
0.311111111111	0.277777777778	0.288888888889	0.122222222222
0.244444444444	0.2	0.122222222222	0.433333333333
0.244444444444	0.0444444444444	0.488888888889	0.222222222222
0.333333333333	0.0777777777778	0.433333333333	0.155555555556
0.366666666667	0.177777777778	0.266666666667	0.188888888889
0.255555555556	0.0333333333333	0.366666666667	0.344444444444
0.0111111111111	0.755555555556	0.144444444444	0.0888888888889
0.877777777778	0.0111111111111	0.0111111111111	0.1
0.0333333333333	0.0444444444444	0.877777777778	0.0444444444444
0.177777777778	0.133333333333	0.233333333333	0.455555555556
0.244444444444	0.2	0.422222222222	0.133333333333

MOTIF Pfenning_D2pos_Cpu_fold5_7.fwd
letter-probability matrix: alength= 4 w= 11 nsites= 87 E= 0
0.275862068966	0.0919540229885	0.505747126437	0.126436781609
0.126436781609	0.0574712643678	0.620689655172	0.195402298851
0.413793103448	0.0344827586207	0.32183908046	0.229885057471
0.0114942528736	0.0114942528736	0.896551724138	0.0804597701149
0.16091954023	0.0344827586207	0.655172413793	0.149425287356
0.298850574713	0.0	0.64367816092	0.0574712643678
0.0229885057471	0.0	0.965517241379	0.0114942528736
0.0114942528736	0.0114942528736	0.965517241379	0.0114942528736
0.528735632184	0.0804597701149	0.183908045977	0.206896551724
0.195402298851	0.103448275862	0.632183908046	0.0689655172414
0.195402298851	0.114942528736	0.551724137931	0.137931034483

MOTIF Pfenning_D2pos_Cpu_fold5_8.fwd
letter-probability matrix: alength= 4 w= 11 nsites= 76 E= 0
0.197368421053	0.197368421053	0.447368421053	0.157894736842
0.289473684211	0.197368421053	0.342105263158	0.171052631579
0.263157894737	0.131578947368	0.315789473684	0.289473684211
0.328947368421	0.118421052632	0.289473684211	0.263157894737
0.25	0.0131578947368	0.381578947368	0.355263157895
0.144736842105	0.0394736842105	0.723684210526	0.0921052631579
0.0394736842105	0.0	0.855263157895	0.105263157895
0.0	0.0	1.0	0.0
0.0131578947368	0.0131578947368	0.947368421053	0.0263157894737
0.144736842105	0.0394736842105	0.381578947368	0.434210526316
0.0657894736842	0.855263157895	0.0131578947368	0.0657894736842

MOTIF Pfenning_D2pos_Cpu_fold5_9.fwd
letter-probability matrix: alength= 4 w= 11 nsites= 81 E= 0
0.283950617284	0.358024691358	0.185185185185	0.172839506173
0.222222222222	0.320987654321	0.0740740740741	0.382716049383
0.666666666667	0.123456790123	0.135802469136	0.0740740740741
0.0246913580247	0.962962962963	0.0	0.0123456790123
0.0246913580247	0.814814814815	0.0123456790123	0.148148148148
0.962962962963	0.0246913580247	0.0	0.0123456790123
0.0123456790123	0.0864197530864	0.0493827160494	0.851851851852
0.666666666667	0.0864197530864	0.246913580247	0.0
0.0740740740741	0.123456790123	0.222222222222	0.58024691358
0.135802469136	0.123456790123	0.506172839506	0.234567901235
0.246913580247	0.123456790123	0.333333333333	0.296296296296

MOTIF Pfenning_D2pos_Cpu_fold5_10.fwd
letter-probability matrix: alength= 4 w= 11 nsites= 74 E= 0
0.337837837838	0.283783783784	0.162162162162	0.216216216216
0.324324324324	0.216216216216	0.243243243243	0.216216216216
0.22972972973	0.256756756757	0.256756756757	0.256756756757
0.337837837838	0.0405405405405	0.324324324324	0.297297297297
0.635135135135	0.175675675676	0.162162162162	0.027027027027
0.0405405405405	0.0	0.027027027027	0.932432432432
0.878378378378	0.0	0.0945945945946	0.027027027027
0.0135135135135	0.0135135135135	0.959459459459	0.0135135135135
0.0	0.959459459459	0.0	0.0405405405405
0.0	0.986486486486	0.0	0.0135135135135
0.689189189189	0.175675675676	0.0	0.135135135135

MOTIF Pfenning_D2pos_Cpu_fold5_11.fwd
letter-probability matrix: alength= 4 w= 11 nsites= 58 E= 0
0.224137931034	0.103448275862	0.534482758621	0.137931034483
0.0689655172414	0.758620689655	0.0862068965517	0.0862068965517
0.120689655172	0.810344827586	0.0	0.0689655172414
0.793103448276	0.0172413793103	0.0344827586207	0.155172413793
0.137931034483	0.689655172414	0.0862068965517	0.0862068965517
0.103448275862	0.689655172414	0.0172413793103	0.189655172414
0.810344827586	0.103448275862	0.051724137931	0.0344827586207
0.0	0.155172413793	0.155172413793	0.689655172414
0.48275862069	0.051724137931	0.413793103448	0.051724137931
0.0689655172414	0.0344827586207	0.0862068965517	0.810344827586
0.0689655172414	0.0172413793103	0.827586206897	0.0862068965517

MOTIF Pfenning_D2pos_Cpu_fold5_12.fwd
letter-probability matrix: alength= 4 w= 11 nsites= 50 E= 0
0.2	0.16	0.36	0.28
0.28	0.16	0.34	0.22
0.52	0.12	0.28	0.08
0.24	0.02	0.52	0.22
0.16	0.04	0.66	0.14
0.08	0.68	0.1	0.14
0.7	0.02	0.0	0.28
0.04	0.08	0.86	0.02
0.28	0.1	0.3	0.32
0.1	0.02	0.86	0.02
0.16	0.26	0.12	0.46

MOTIF Pfenning_D2pos_Cpu_fold5_13.fwd
letter-probability matrix: alength= 4 w= 11 nsites= 47 E= 0
0.276595744681	0.212765957447	0.063829787234	0.446808510638
0.340425531915	0.212765957447	0.191489361702	0.255319148936
0.148936170213	0.0	0.0425531914894	0.808510638298
0.425531914894	0.0	0.574468085106	0.0
0.0	0.0	0.0212765957447	0.978723404255
0.0212765957447	0.0212765957447	0.0	0.957446808511
0.0212765957447	0.0212765957447	0.0212765957447	0.936170212766
1.0	0.0	0.0	0.0
0.0	0.957446808511	0.0212765957447	0.0212765957447
0.255319148936	0.170212765957	0.0212765957447	0.553191489362
0.340425531915	0.191489361702	0.191489361702	0.276595744681

MOTIF Pfenning_D2pos_Cpu_fold5_14.fwd
letter-probability matrix: alength= 4 w= 11 nsites= 40 E= 0
0.25	0.0	0.225	0.525
0.025	0.025	0.95	0.0
0.3	0.15	0.275	0.275
0.025	0.825	0.05	0.1
0.1	0.85	0.0	0.05
0.375	0.15	0.05	0.425
0.2	0.275	0.2	0.325
0.15	0.05	0.375	0.425
0.075	0.025	0.9	0.0
0.5	0.1	0.2	0.2
0.0	0.975	0.025	0.0

