MEME version 4

ALPHABET= ACGT

strands: + -

Background letter frequencies (from unknown source)
A 0.250 C 0.250 G 0.250 T 0.250

MOTIF Mo2015_EXCpos_Ctx_fold5_1.fwd
letter-probability matrix: alength= 4 w= 21 nsites= 968 E= 0
0.297520661157	0.168388429752	0.191115702479	0.342975206612
0.285123966942	0.180785123967	0.183884297521	0.35020661157
0.280991735537	0.176652892562	0.194214876033	0.348140495868
0.305785123967	0.165289256198	0.191115702479	0.337809917355
0.268595041322	0.143595041322	0.16632231405	0.421487603306
0.189049586777	0.134297520661	0.107438016529	0.569214876033
0.159090909091	0.121900826446	0.0826446280992	0.636363636364
0.0981404958678	0.0847107438017	0.0537190082645	0.763429752066
0.154958677686	0.117768595041	0.0743801652893	0.652892561983
0.0712809917355	0.0433884297521	0.021694214876	0.863636363636
0.0371900826446	0.0330578512397	0.0227272727273	0.907024793388
0.0103305785124	0.0351239669421	0.0113636363636	0.943181818182
0.0144628099174	0.0340909090909	0.00723140495868	0.944214876033
0.0247933884298	0.0630165289256	0.0103305785124	0.901859504132
0.190082644628	0.344008264463	0.14152892562	0.324380165289
0.172520661157	0.245867768595	0.112603305785	0.469008264463
0.175619834711	0.330578512397	0.105371900826	0.388429752066
0.257231404959	0.146694214876	0.119834710744	0.476239669421
0.193181818182	0.261363636364	0.167355371901	0.378099173554
0.270661157025	0.213842975207	0.162190082645	0.353305785124
0.269628099174	0.212809917355	0.167355371901	0.35020661157

MOTIF Mo2015_EXCpos_Ctx_fold5_2.fwd
letter-probability matrix: alength= 4 w= 21 nsites= 756 E= 0
0.320105820106	0.194444444444	0.255291005291	0.230158730159
0.251322751323	0.186507936508	0.285714285714	0.276455026455
0.292328042328	0.194444444444	0.294973544974	0.218253968254
0.261904761905	0.203703703704	0.279100529101	0.255291005291
0.31746031746	0.195767195767	0.265873015873	0.220899470899
0.272486772487	0.215608465608	0.28835978836	0.223544973545
0.277777777778	0.142857142857	0.193121693122	0.386243386243
0.25	0.149470899471	0.505291005291	0.0952380952381
0.272486772487	0.138888888889	0.103174603175	0.48544973545
0.00793650793651	0.00132275132275	0.989417989418	0.00132275132275
0.0330687830688	0.0132275132275	0.156084656085	0.797619047619
0.238095238095	0.0026455026455	0.746031746032	0.0132275132275
0.00661375661376	0.0026455026455	0.981481481481	0.00925925925926
0.0	0.00132275132275	0.993386243386	0.00529100529101
0.398148148148	0.240740740741	0.026455026455	0.334656084656
0.156084656085	0.0291005291005	0.666666666667	0.148148148148
0.108465608466	0.0648148148148	0.574074074074	0.252645502646
0.294973544974	0.194444444444	0.284391534392	0.22619047619
0.294973544974	0.111111111111	0.27380952381	0.320105820106
0.277777777778	0.17328042328	0.309523809524	0.239417989418
0.28835978836	0.18253968254	0.27380952381	0.255291005291

MOTIF Mo2015_EXCpos_Ctx_fold5_3.fwd
letter-probability matrix: alength= 4 w= 21 nsites= 693 E= 0
0.264069264069	0.281385281385	0.21645021645	0.238095238095
0.278499278499	0.271284271284	0.203463203463	0.246753246753
0.238095238095	0.253968253968	0.239538239538	0.268398268398
0.33189033189	0.253968253968	0.199134199134	0.215007215007
0.264069264069	0.227994227994	0.262626262626	0.24531024531
0.275613275613	0.235209235209	0.222222222222	0.266955266955
0.292929292929	0.369408369408	0.164502164502	0.17316017316
0.460317460317	0.0851370851371	0.171717171717	0.282828282828
0.0	0.001443001443	0.998556998557	0.0
0.018759018759	0.950937950938	0.002886002886	0.027417027417
0.386724386724	0.046176046176	0.106782106782	0.460317460317
0.116883116883	0.659451659452	0.141414141414	0.0822510822511
0.44733044733	0.0620490620491	0.0634920634921	0.427128427128
0.017316017316	0.049062049062	0.883116883117	0.0505050505051
0.238095238095	0.428571428571	0.0721500721501	0.261183261183
0.277056277056	0.15873015873	0.339105339105	0.225108225108
0.242424242424	0.225108225108	0.225108225108	0.307359307359
0.281385281385	0.236652236652	0.240981240981	0.240981240981
0.298701298701	0.193362193362	0.220779220779	0.287157287157
0.256854256854	0.222222222222	0.225108225108	0.295815295815
0.246753246753	0.24531024531	0.220779220779	0.287157287157

MOTIF Mo2015_EXCpos_Ctx_fold5_4.fwd
letter-probability matrix: alength= 4 w= 21 nsites= 628 E= 0
0.302547770701	0.218152866242	0.213375796178	0.265923566879
0.272292993631	0.253184713376	0.208598726115	0.265923566879
0.275477707006	0.200636942675	0.246815286624	0.277070063694
0.275477707006	0.214968152866	0.222929936306	0.286624203822
0.269108280255	0.195859872611	0.227707006369	0.307324840764
0.292993630573	0.191082802548	0.214968152866	0.300955414013
0.232484076433	0.207006369427	0.256369426752	0.304140127389
0.326433121019	0.197452229299	0.143312101911	0.332802547771
0.0668789808917	0.423566878981	0.12898089172	0.380573248408
0.031847133758	0.243630573248	0.00955414012739	0.714968152866
0.0222929936306	0.00636942675159	0.0143312101911	0.957006369427
0.12898089172	0.00955414012739	0.826433121019	0.0350318471338
0.0	0.0143312101911	0.984076433121	0.0015923566879
0.0541401273885	0.941082802548	0.0015923566879	0.0031847133758
0.829617834395	0.00636942675159	0.0175159235669	0.146496815287
0.265923566879	0.199044585987	0.386942675159	0.148089171975
0.294585987261	0.347133757962	0.218152866242	0.140127388535
0.273885350318	0.259554140127	0.229299363057	0.237261146497
0.308917197452	0.173566878981	0.21974522293	0.297770700637
0.227707006369	0.237261146497	0.221337579618	0.313694267516
0.25	0.259554140127	0.160828025478	0.329617834395

MOTIF Mo2015_EXCpos_Ctx_fold5_5.fwd
letter-probability matrix: alength= 4 w= 21 nsites= 603 E= 0
0.26368159204	0.215588723051	0.22056384743	0.300165837479
0.257048092869	0.222222222222	0.225538971808	0.295190713101
0.283582089552	0.248756218905	0.167495854063	0.300165837479
0.346600331675	0.177446102819	0.242122719735	0.233830845771
0.298507462687	0.145936981758	0.270315091211	0.285240464345
0.280265339967	0.106135986733	0.217247097844	0.396351575456
0.144278606965	0.0746268656716	0.323383084577	0.457711442786
0.114427860697	0.640132669983	0.0845771144279	0.160862354892
0.00497512437811	0.0315091210614	0.00497512437811	0.958540630182
0.907131011609	0.0132669983416	0.0132669983416	0.0663349917081
0.142620232172	0.00497512437811	0.0	0.852404643449
0.116086235489	0.0016583747927	0.00331674958541	0.878938640133
0.016583747927	0.028192371476	0.00497512437811	0.950248756219
0.167495854063	0.119402985075	0.0215588723051	0.691542288557
0.200663349917	0.077943615257	0.0746268656716	0.646766169154
0.691542288557	0.0315091210614	0.228855721393	0.0480928689884
0.207296849088	0.0845771144279	0.485903814262	0.222222222222
0.34328358209	0.318407960199	0.132669983416	0.205638474295
0.296849087894	0.225538971808	0.147595356551	0.330016583748
0.275290215589	0.235489220564	0.155887230514	0.333333333333
0.238805970149	0.230514096186	0.212271973466	0.318407960199

MOTIF Mo2015_EXCpos_Ctx_fold5_6.fwd
letter-probability matrix: alength= 4 w= 21 nsites= 535 E= 0
0.328971962617	0.164485981308	0.175700934579	0.330841121495
0.328971962617	0.168224299065	0.177570093458	0.32523364486
0.280373831776	0.155140186916	0.177570093458	0.38691588785
0.267289719626	0.181308411215	0.175700934579	0.375700934579
0.252336448598	0.123364485981	0.179439252336	0.444859813084
0.198130841121	0.196261682243	0.21308411215	0.392523364486
0.218691588785	0.201869158879	0.132710280374	0.446728971963
0.158878504673	0.121495327103	0.0934579439252	0.626168224299
0.0803738317757	0.0953271028037	0.0504672897196	0.773831775701
0.0542056074766	0.0841121495327	0.0728971962617	0.788785046729
0.265420560748	0.121495327103	0.207476635514	0.405607476636
0.914018691589	0.014953271028	0.0411214953271	0.0299065420561
0.990654205607	0.00373831775701	0.0018691588785	0.00373831775701
0.973831775701	0.0	0.00373831775701	0.0224299065421
0.547663551402	0.0429906542056	0.0542056074766	0.355140186916
0.173831775701	0.117757009346	0.140186915888	0.568224299065
0.254205607477	0.16261682243	0.157009345794	0.426168224299
0.330841121495	0.179439252336	0.164485981308	0.32523364486
0.379439252336	0.181308411215	0.138317757009	0.300934579439
0.330841121495	0.171962616822	0.130841121495	0.366355140187
0.242990654206	0.12523364486	0.153271028037	0.478504672897

MOTIF Mo2015_EXCpos_Ctx_fold5_7.fwd
letter-probability matrix: alength= 4 w= 21 nsites= 444 E= 0
0.272522522523	0.259009009009	0.202702702703	0.265765765766
0.247747747748	0.231981981982	0.231981981982	0.288288288288
0.295045045045	0.234234234234	0.175675675676	0.295045045045
0.265765765766	0.25	0.193693693694	0.290540540541
0.295045045045	0.231981981982	0.198198198198	0.274774774775
0.265765765766	0.245495495495	0.175675675676	0.313063063063
0.371621621622	0.119369369369	0.297297297297	0.211711711712
0.108108108108	0.711711711712	0.168918918919	0.0112612612613
0.0855855855856	0.907657657658	0.00225225225225	0.0045045045045
0.912162162162	0.00675675675676	0.00900900900901	0.0720720720721
0.00675675675676	0.0	0.0630630630631	0.93018018018
0.317567567568	0.671171171171	0.0045045045045	0.00675675675676
0.00225225225225	0.0	0.0	0.997747747748
0.0	0.0	0.997747747748	0.00225225225225
0.018018018018	0.301801801802	0.146396396396	0.533783783784
0.144144144144	0.198198198198	0.119369369369	0.538288288288
0.234234234234	0.315315315315	0.15990990991	0.290540540541
0.254504504505	0.297297297297	0.148648648649	0.29954954955
0.227477477477	0.295045045045	0.202702702703	0.274774774775
0.252252252252	0.211711711712	0.202702702703	0.333333333333
0.292792792793	0.234234234234	0.191441441441	0.281531531532

MOTIF Mo2015_EXCpos_Ctx_fold5_8.fwd
letter-probability matrix: alength= 4 w= 21 nsites= 302 E= 0
0.241721854305	0.258278145695	0.215231788079	0.284768211921
0.341059602649	0.245033112583	0.185430463576	0.228476821192
0.294701986755	0.205298013245	0.205298013245	0.294701986755
0.195364238411	0.324503311258	0.238410596026	0.241721854305
0.241721854305	0.192052980132	0.241721854305	0.324503311258
0.301324503311	0.304635761589	0.284768211921	0.109271523179
0.00331125827815	0.0	0.00331125827815	0.993377483444
0.0	0.0	0.877483443709	0.122516556291
1.0	0.0	0.0	0.0
0.0728476821192	0.105960264901	0.622516556291	0.198675496689
0.0	0.0	0.00662251655629	0.993377483444
0.0298013245033	0.970198675497	0.0	0.0
0.993377483444	0.00331125827815	0.0	0.00331125827815
0.0198675496689	0.225165562914	0.195364238411	0.559602649007
0.251655629139	0.337748344371	0.158940397351	0.251655629139
0.228476821192	0.314569536424	0.152317880795	0.304635761589
0.208609271523	0.281456953642	0.145695364238	0.364238410596
0.185430463576	0.278145695364	0.241721854305	0.294701986755
0.228476821192	0.274834437086	0.201986754967	0.294701986755
0.284768211921	0.254966887417	0.165562913907	0.294701986755
0.301324503311	0.215231788079	0.218543046358	0.264900662252

MOTIF Mo2015_EXCpos_Ctx_fold5_9.fwd
letter-probability matrix: alength= 4 w= 21 nsites= 237 E= 0
0.316455696203	0.172995780591	0.194092827004	0.316455696203
0.295358649789	0.194092827004	0.198312236287	0.31223628692
0.26582278481	0.215189873418	0.206751054852	0.31223628692
0.215189873418	0.282700421941	0.240506329114	0.261603375527
0.257383966245	0.248945147679	0.185654008439	0.308016877637
0.257383966245	0.20253164557	0.185654008439	0.354430379747
0.227848101266	0.2194092827	0.244725738397	0.308016877637
0.227848101266	0.194092827004	0.236286919831	0.341772151899
0.206751054852	0.26582278481	0.227848101266	0.299578059072
0.291139240506	0.15611814346	0.0970464135021	0.455696202532
0.151898734177	0.379746835443	0.139240506329	0.329113924051
0.409282700422	0.0928270042194	0.0379746835443	0.459915611814
0.0	0.987341772152	0.0	0.0126582278481
0.590717299578	0.084388185654	0.0295358649789	0.295358649789
0.0168776371308	0.949367088608	0.0168776371308	0.0168776371308
0.552742616034	0.0168776371308	0.0168776371308	0.413502109705
0.0126582278481	0.0548523206751	0.894514767932	0.0379746835443
0.270042194093	0.0379746835443	0.113924050633	0.57805907173
0.26582278481	0.20253164557	0.341772151899	0.189873417722
0.244725738397	0.0632911392405	0.210970464135	0.481012658228
0.291139240506	0.172995780591	0.333333333333	0.20253164557

MOTIF Mo2015_EXCpos_Ctx_fold5_10.fwd
letter-probability matrix: alength= 4 w= 21 nsites= 247 E= 0
0.246963562753	0.263157894737	0.198380566802	0.291497975709
0.255060728745	0.238866396761	0.210526315789	0.295546558704
0.283400809717	0.246963562753	0.263157894737	0.206477732794
0.275303643725	0.186234817814	0.230769230769	0.307692307692
0.271255060729	0.279352226721	0.246963562753	0.202429149798
0.303643724696	0.238866396761	0.157894736842	0.2995951417
0.287449392713	0.34008097166	0.206477732794	0.165991902834
0.417004048583	0.085020242915	0.0364372469636	0.461538461538
0.0242914979757	0.0	0.947368421053	0.0283400809717
0.0283400809717	0.906882591093	0.0161943319838	0.0485829959514
0.202429149798	0.615384615385	0.0445344129555	0.137651821862
0.550607287449	0.0121457489879	0.085020242915	0.352226720648
0.0242914979757	0.0080971659919	0.955465587045	0.0121457489879
0.0202429149798	0.919028340081	0.0283400809717	0.0323886639676
0.34008097166	0.137651821862	0.0404858299595	0.481781376518
0.145748987854	0.137651821862	0.497975708502	0.218623481781
0.198380566802	0.287449392713	0.259109311741	0.255060728745
0.251012145749	0.271255060729	0.230769230769	0.246963562753
0.251012145749	0.186234817814	0.222672064777	0.34008097166
0.31983805668	0.202429149798	0.238866396761	0.238866396761
0.226720647773	0.275303643725	0.242914979757	0.255060728745

MOTIF Mo2015_EXCpos_Ctx_fold5_11.fwd
letter-probability matrix: alength= 4 w= 21 nsites= 220 E= 0
0.295454545455	0.145454545455	0.340909090909	0.218181818182
0.277272727273	0.154545454545	0.4	0.168181818182
0.290909090909	0.163636363636	0.368181818182	0.177272727273
0.240909090909	0.154545454545	0.368181818182	0.236363636364
0.236363636364	0.136363636364	0.422727272727	0.204545454545
0.290909090909	0.181818181818	0.322727272727	0.204545454545
0.204545454545	0.127272727273	0.481818181818	0.186363636364
0.2	0.136363636364	0.55	0.113636363636
0.2	0.218181818182	0.413636363636	0.168181818182
0.177272727273	0.0681818181818	0.6	0.154545454545
0.0818181818182	0.0909090909091	0.686363636364	0.140909090909
0.427272727273	0.0772727272727	0.354545454545	0.140909090909
0.0363636363636	0.00454545454545	0.927272727273	0.0318181818182
0.104545454545	0.0227272727273	0.822727272727	0.05
0.359090909091	0.0409090909091	0.545454545455	0.0545454545455
0.0409090909091	0.0318181818182	0.904545454545	0.0227272727273
0.0590909090909	0.0136363636364	0.886363636364	0.0409090909091
0.390909090909	0.15	0.259090909091	0.2
0.109090909091	0.113636363636	0.668181818182	0.109090909091
0.195454545455	0.0909090909091	0.568181818182	0.145454545455
0.295454545455	0.131818181818	0.381818181818	0.190909090909

MOTIF Mo2015_EXCpos_Ctx_fold5_12.fwd
letter-probability matrix: alength= 4 w= 21 nsites= 173 E= 0
0.28323699422	0.208092485549	0.184971098266	0.323699421965
0.265895953757	0.184971098266	0.306358381503	0.242774566474
0.190751445087	0.254335260116	0.306358381503	0.248554913295
0.231213872832	0.236994219653	0.260115606936	0.271676300578
0.341040462428	0.115606936416	0.248554913295	0.294797687861
0.35838150289	0.0462427745665	0.329479768786	0.265895953757
0.202312138728	0.104046242775	0.653179190751	0.0404624277457
0.653179190751	0.0635838150289	0.14450867052	0.138728323699
0.254335260116	0.0173410404624	0.578034682081	0.150289017341
0.0924855491329	0.64161849711	0.260115606936	0.00578034682081
0.208092485549	0.0	0.0115606936416	0.780346820809
0.00578034682081	0.0	0.994219653179	0.0
0.173410404624	0.393063583815	0.00578034682081	0.42774566474
0.161849710983	0.109826589595	0.456647398844	0.271676300578
0.554913294798	0.121387283237	0.115606936416	0.208092485549
0.537572254335	0.127167630058	0.161849710983	0.173410404624
0.462427745665	0.150289017341	0.179190751445	0.208092485549
0.369942196532	0.161849710983	0.184971098266	0.28323699422
0.28901734104	0.167630057803	0.127167630058	0.416184971098
0.231213872832	0.179190751445	0.248554913295	0.341040462428
0.271676300578	0.184971098266	0.231213872832	0.312138728324

MOTIF Mo2015_EXCpos_Ctx_fold5_13.fwd
letter-probability matrix: alength= 4 w= 21 nsites= 173 E= 0
0.28323699422	0.294797687861	0.14450867052	0.277456647399
0.236994219653	0.323699421965	0.161849710983	0.277456647399
0.254335260116	0.242774566474	0.196531791908	0.306358381503
0.184971098266	0.219653179191	0.242774566474	0.352601156069
0.196531791908	0.28323699422	0.260115606936	0.260115606936
0.242774566474	0.202312138728	0.21387283237	0.341040462428
0.260115606936	0.225433526012	0.28901734104	0.225433526012
0.21387283237	0.260115606936	0.196531791908	0.329479768786
0.254335260116	0.190751445087	0.14450867052	0.410404624277
0.231213872832	0.225433526012	0.21387283237	0.329479768786
0.294797687861	0.115606936416	0.14450867052	0.445086705202
0.0982658959538	0.78612716763	0.0520231213873	0.0635838150289
0.398843930636	0.0867052023121	0.138728323699	0.375722543353
0.0578034682081	0.861271676301	0.0404624277457	0.0404624277457
0.531791907514	0.0231213872832	0.0346820809249	0.410404624277
0.0231213872832	0.0115606936416	0.947976878613	0.0173410404624
0.0462427745665	0.884393063584	0.00578034682081	0.0635838150289
0.277456647399	0.161849710983	0.196531791908	0.364161849711
0.208092485549	0.127167630058	0.254335260116	0.410404624277
0.254335260116	0.202312138728	0.225433526012	0.317919075145
0.265895953757	0.236994219653	0.196531791908	0.300578034682

MOTIF Mo2015_EXCpos_Ctx_fold5_14.fwd
letter-probability matrix: alength= 4 w= 21 nsites= 173 E= 0
0.231213872832	0.265895953757	0.190751445087	0.312138728324
0.184971098266	0.323699421965	0.184971098266	0.306358381503
0.208092485549	0.21387283237	0.300578034682	0.277456647399
0.28323699422	0.271676300578	0.127167630058	0.317919075145
0.225433526012	0.236994219653	0.236994219653	0.300578034682
0.208092485549	0.369942196532	0.265895953757	0.156069364162
0.208092485549	0.687861271676	0.00578034682081	0.0982658959538
0.618497109827	0.028901734104	0.115606936416	0.236994219653
0.028901734104	0.0173410404624	0.942196531792	0.0115606936416
0.0231213872832	0.959537572254	0.0	0.0173410404624
0.312138728324	0.0	0.0173410404624	0.670520231214
0.0231213872832	0.0520231213873	0.895953757225	0.028901734104
0.0578034682081	0.815028901734	0.0867052023121	0.0404624277457
0.306358381503	0.312138728324	0.0635838150289	0.317919075145
0.21387283237	0.115606936416	0.248554913295	0.421965317919
0.219653179191	0.277456647399	0.323699421965	0.179190751445
0.231213872832	0.398843930636	0.14450867052	0.225433526012
0.248554913295	0.190751445087	0.196531791908	0.364161849711
0.208092485549	0.208092485549	0.35838150289	0.225433526012
0.219653179191	0.242774566474	0.271676300578	0.265895953757
0.317919075145	0.225433526012	0.254335260116	0.202312138728

MOTIF Mo2015_EXCpos_Ctx_fold5_15.fwd
letter-probability matrix: alength= 4 w= 21 nsites= 117 E= 0
0.307692307692	0.188034188034	0.179487179487	0.324786324786
0.299145299145	0.213675213675	0.196581196581	0.290598290598
0.307692307692	0.247863247863	0.188034188034	0.25641025641
0.282051282051	0.119658119658	0.299145299145	0.299145299145
0.239316239316	0.188034188034	0.282051282051	0.290598290598
0.393162393162	0.119658119658	0.162393162393	0.324786324786
0.358974358974	0.230769230769	0.25641025641	0.153846153846
0.0	0.017094017094	0.00854700854701	0.974358974359
0.0	0.0	0.00854700854701	0.991452991453
0.982905982906	0.0	0.00854700854701	0.00854700854701
0.0	0.00854700854701	0.0	0.991452991453
0.222222222222	0.0	0.777777777778	0.0
0.025641025641	0.162393162393	0.0	0.811965811966
0.974358974359	0.017094017094	0.0	0.00854700854701
1.0	0.0	0.0	0.0
0.205128205128	0.282051282051	0.316239316239	0.196581196581
0.393162393162	0.162393162393	0.188034188034	0.25641025641
0.264957264957	0.179487179487	0.25641025641	0.299145299145
0.333333333333	0.153846153846	0.213675213675	0.299145299145
0.299145299145	0.222222222222	0.188034188034	0.290598290598
0.34188034188	0.136752136752	0.230769230769	0.290598290598

MOTIF Mo2015_EXCpos_Ctx_fold5_16.fwd
letter-probability matrix: alength= 4 w= 21 nsites= 99 E= 0
0.383838383838	0.131313131313	0.151515151515	0.333333333333
0.383838383838	0.191919191919	0.232323232323	0.191919191919
0.0707070707071	0.272727272727	0.212121212121	0.444444444444
0.525252525253	0.0909090909091	0.242424242424	0.141414141414
0.0707070707071	0.363636363636	0.454545454545	0.111111111111
0.020202020202	0.363636363636	0.040404040404	0.575757575758
0.0909090909091	0.030303030303	0.727272727273	0.151515151515
0.0808080808081	0.878787878788	0.020202020202	0.020202020202
0.010101010101	0.959595959596	0.0	0.030303030303
0.454545454545	0.505050505051	0.010101010101	0.030303030303
0.010101010101	0.474747474747	0.010101010101	0.505050505051
0.0	1.0	0.0	0.0
0.030303030303	0.010101010101	0.010101010101	0.949494949495
0.535353535354	0.0707070707071	0.262626262626	0.131313131313
0.0	0.282828282828	0.676767676768	0.040404040404
0.0909090909091	0.111111111111	0.0	0.79797979798
0.0	0.0	0.989898989899	0.010101010101
0.0606060606061	0.020202020202	0.79797979798	0.121212121212
0.212121212121	0.272727272727	0.0808080808081	0.434343434343
0.222222222222	0.434343434343	0.111111111111	0.232323232323
0.494949494949	0.111111111111	0.292929292929	0.10101010101

MOTIF Mo2015_EXCpos_Ctx_fold5_17.fwd
letter-probability matrix: alength= 4 w= 21 nsites= 95 E= 0
0.284210526316	0.284210526316	0.263157894737	0.168421052632
0.284210526316	0.178947368421	0.284210526316	0.252631578947
0.294736842105	0.252631578947	0.221052631579	0.231578947368
0.189473684211	0.252631578947	0.273684210526	0.284210526316
0.273684210526	0.252631578947	0.221052631579	0.252631578947
0.263157894737	0.305263157895	0.178947368421	0.252631578947
0.294736842105	0.263157894737	0.273684210526	0.168421052632
0.4	0.0631578947368	0.389473684211	0.147368421053
0.210526315789	0.242105263158	0.463157894737	0.0842105263158
0.568421052632	0.178947368421	0.178947368421	0.0736842105263
0.484210526316	0.0631578947368	0.2	0.252631578947
0.210526315789	0.621052631579	0.126315789474	0.0421052631579
0.578947368421	0.2	0.0	0.221052631579
0.0105263157895	0.0	0.968421052632	0.0210526315789
0.0105263157895	0.968421052632	0.0	0.0210526315789
0.157894736842	0.0421052631579	0.357894736842	0.442105263158
0.0947368421053	0.221052631579	0.431578947368	0.252631578947
0.263157894737	0.210526315789	0.178947368421	0.347368421053
0.284210526316	0.157894736842	0.157894736842	0.4
0.263157894737	0.157894736842	0.273684210526	0.305263157895
0.178947368421	0.389473684211	0.178947368421	0.252631578947

MOTIF Mo2015_EXCpos_Ctx_fold5_18.fwd
letter-probability matrix: alength= 4 w= 21 nsites= 60 E= 0
0.316666666667	0.116666666667	0.216666666667	0.35
0.283333333333	0.216666666667	0.25	0.25
0.333333333333	0.0666666666667	0.25	0.35
0.283333333333	0.1	0.35	0.266666666667
0.383333333333	0.216666666667	0.15	0.25
0.4	0.116666666667	0.183333333333	0.3
0.166666666667	0.116666666667	0.0666666666667	0.65
0.133333333333	0.05	0.0666666666667	0.75
0.816666666667	0.0833333333333	0.0	0.1
0.0333333333333	0.0	0.0	0.966666666667
0.0	0.0	0.983333333333	0.0166666666667
0.05	0.85	0.0333333333333	0.0666666666667
0.95	0.0	0.0166666666667	0.0333333333333
0.9	0.0	0.0166666666667	0.0833333333333
0.716666666667	0.0666666666667	0.116666666667	0.1
0.333333333333	0.0833333333333	0.116666666667	0.466666666667
0.266666666667	0.133333333333	0.25	0.35
0.216666666667	0.2	0.2	0.383333333333
0.233333333333	0.25	0.25	0.266666666667
0.3	0.15	0.166666666667	0.383333333333
0.283333333333	0.0833333333333	0.216666666667	0.416666666667

MOTIF Mo2015_EXCpos_Ctx_fold5_19.fwd
letter-probability matrix: alength= 4 w= 21 nsites= 51 E= 0
0.078431372549	0.705882352941	0.0588235294118	0.156862745098
0.862745098039	0.0196078431373	0.0588235294118	0.0588235294118
0.156862745098	0.764705882353	0.0	0.078431372549
0.882352941176	0.0196078431373	0.0588235294118	0.0392156862745
0.0392156862745	0.823529411765	0.0980392156863	0.0392156862745
0.941176470588	0.0	0.0392156862745	0.0196078431373
0.0196078431373	0.941176470588	0.0392156862745	0.0
0.960784313725	0.0	0.0392156862745	0.0
0.0588235294118	0.921568627451	0.0196078431373	0.0
0.980392156863	0.0	0.0196078431373	0.0
0.0392156862745	0.941176470588	0.0196078431373	0.0
0.960784313725	0.0	0.0392156862745	0.0
0.0	0.980392156863	0.0196078431373	0.0
0.941176470588	0.0196078431373	0.0	0.0392156862745
0.0392156862745	0.921568627451	0.0196078431373	0.0196078431373
0.941176470588	0.0196078431373	0.0	0.0392156862745
0.0392156862745	0.960784313725	0.0	0.0
0.980392156863	0.0	0.0	0.0196078431373
0.0	0.882352941176	0.078431372549	0.0392156862745
0.921568627451	0.0	0.0196078431373	0.0588235294118
0.0	0.980392156863	0.0196078431373	0.0

MOTIF Mo2015_EXCpos_Ctx_fold5_20.fwd
letter-probability matrix: alength= 4 w= 21 nsites= 47 E= 0
0.297872340426	0.191489361702	0.212765957447	0.297872340426
0.297872340426	0.297872340426	0.106382978723	0.297872340426
0.36170212766	0.148936170213	0.170212765957	0.31914893617
0.468085106383	0.148936170213	0.170212765957	0.212765957447
0.404255319149	0.0851063829787	0.276595744681	0.234042553191
0.425531914894	0.106382978723	0.191489361702	0.276595744681
0.276595744681	0.234042553191	0.36170212766	0.127659574468
0.510638297872	0.212765957447	0.127659574468	0.148936170213
0.574468085106	0.106382978723	0.0212765957447	0.297872340426
0.127659574468	0.0	0.0425531914894	0.829787234043
0.0	0.0	0.0	1.0
0.0	0.0851063829787	0.0	0.914893617021
0.170212765957	0.063829787234	0.0425531914894	0.723404255319
0.106382978723	0.0	0.872340425532	0.0212765957447
0.063829787234	0.851063829787	0.0212765957447	0.063829787234
0.914893617021	0.0425531914894	0.0	0.0425531914894
0.297872340426	0.127659574468	0.148936170213	0.425531914894
0.191489361702	0.127659574468	0.297872340426	0.382978723404
0.127659574468	0.170212765957	0.148936170213	0.553191489362
0.191489361702	0.191489361702	0.234042553191	0.382978723404
0.382978723404	0.276595744681	0.0851063829787	0.255319148936

MOTIF Mo2015_EXCpos_Ctx_fold5_21.fwd
letter-probability matrix: alength= 4 w= 21 nsites= 69 E= 0
0.31884057971	0.130434782609	0.188405797101	0.36231884058
0.420289855072	0.130434782609	0.188405797101	0.260869565217
0.391304347826	0.115942028986	0.101449275362	0.391304347826
0.217391304348	0.188405797101	0.130434782609	0.463768115942
0.478260869565	0.0869565217391	0.202898550725	0.231884057971
0.463768115942	0.0869565217391	0.159420289855	0.289855072464
0.63768115942	0.144927536232	0.0724637681159	0.144927536232
0.202898550725	0.188405797101	0.0724637681159	0.536231884058
0.231884057971	0.0434782608696	0.0579710144928	0.666666666667
1.0	0.0	0.0	0.0
0.710144927536	0.0	0.0	0.289855072464
0.0	0.0724637681159	0.0	0.927536231884
0.95652173913	0.0289855072464	0.0	0.0144927536232
0.985507246377	0.0144927536232	0.0	0.0
0.63768115942	0.0289855072464	0.0579710144928	0.275362318841
0.217391304348	0.202898550725	0.115942028986	0.463768115942
0.63768115942	0.101449275362	0.115942028986	0.144927536232
0.449275362319	0.159420289855	0.188405797101	0.202898550725
0.478260869565	0.115942028986	0.0869565217391	0.31884057971
0.405797101449	0.115942028986	0.188405797101	0.289855072464
0.434782608696	0.130434782609	0.144927536232	0.289855072464

MOTIF Mo2015_EXCpos_Ctx_fold5_22.fwd
letter-probability matrix: alength= 4 w= 21 nsites= 51 E= 0
0.235294117647	0.235294117647	0.294117647059	0.235294117647
0.313725490196	0.274509803922	0.117647058824	0.294117647059
0.294117647059	0.235294117647	0.117647058824	0.352941176471
0.21568627451	0.235294117647	0.313725490196	0.235294117647
0.254901960784	0.313725490196	0.0980392156863	0.333333333333
0.274509803922	0.274509803922	0.156862745098	0.294117647059
0.352941176471	0.0196078431373	0.372549019608	0.254901960784
0.0588235294118	0.0196078431373	0.862745098039	0.0588235294118
0.725490196078	0.0392156862745	0.0588235294118	0.176470588235
0.941176470588	0.0	0.0196078431373	0.0392156862745
0.254901960784	0.666666666667	0.078431372549	0.0
0.56862745098	0.0196078431373	0.0392156862745	0.372549019608
0.0	0.0392156862745	0.960784313725	0.0
0.294117647059	0.254901960784	0.0392156862745	0.411764705882
0.333333333333	0.078431372549	0.450980392157	0.137254901961
0.137254901961	0.176470588235	0.196078431373	0.490196078431
0.21568627451	0.176470588235	0.490196078431	0.117647058824
0.43137254902	0.176470588235	0.156862745098	0.235294117647
0.372549019608	0.156862745098	0.21568627451	0.254901960784
0.313725490196	0.21568627451	0.176470588235	0.294117647059
0.333333333333	0.21568627451	0.137254901961	0.313725490196

MOTIF Mo2015_EXCpos_Ctx_fold5_23.fwd
letter-probability matrix: alength= 4 w= 21 nsites= 37 E= 0
0.243243243243	0.108108108108	0.243243243243	0.405405405405
0.243243243243	0.135135135135	0.351351351351	0.27027027027
0.405405405405	0.135135135135	0.108108108108	0.351351351351
0.351351351351	0.162162162162	0.135135135135	0.351351351351
0.108108108108	0.0810810810811	0.216216216216	0.594594594595
0.216216216216	0.108108108108	0.27027027027	0.405405405405
0.567567567568	0.0	0.378378378378	0.0540540540541
0.891891891892	0.108108108108	0.0	0.0
1.0	0.0	0.0	0.0
0.72972972973	0.0	0.0540540540541	0.216216216216
0.027027027027	0.0540540540541	0.027027027027	0.891891891892
0.459459459459	0.189189189189	0.189189189189	0.162162162162
0.135135135135	0.027027027027	0.108108108108	0.72972972973
0.027027027027	0.027027027027	0.864864864865	0.0810810810811
0.0810810810811	0.837837837838	0.027027027027	0.0540540540541
0.621621621622	0.162162162162	0.027027027027	0.189189189189
0.297297297297	0.162162162162	0.297297297297	0.243243243243
0.297297297297	0.108108108108	0.216216216216	0.378378378378
0.243243243243	0.216216216216	0.243243243243	0.297297297297
0.189189189189	0.243243243243	0.162162162162	0.405405405405
0.189189189189	0.108108108108	0.216216216216	0.486486486486

