MEME version 4

ALPHABET= ACGT

strands: + -

Background letter frequencies (from unknown source)
A 0.250 C 0.250 G 0.250 T 0.250

MOTIF Mo2015_EXCpos_Ctx_fold2_1.fwd
letter-probability matrix: alength= 4 w= 21 nsites= 1108 E= 0
0.255415162455	0.291516245487	0.20036101083	0.252707581227
0.241877256318	0.29963898917	0.187725631769	0.270758122744
0.282490974729	0.26714801444	0.195848375451	0.254512635379
0.253610108303	0.300541516245	0.186823104693	0.259025270758
0.259927797834	0.313176895307	0.139891696751	0.287003610108
0.223826714801	0.277075812274	0.195848375451	0.303249097473
0.220216606498	0.569494584838	0.0965703971119	0.113718411552
0.156137184116	0.653429602888	0.0388086642599	0.151624548736
0.315884476534	0.0333935018051	0.243682310469	0.407039711191
0.00541516245487	0.975631768953	0.0135379061372	0.00541516245487
0.0117328519856	0.928700361011	0.0451263537906	0.014440433213
0.0225631768953	0.716606498195	0.0126353790614	0.248194945848
0.651624548736	0.231949458484	0.0613718411552	0.0550541516245
0.00631768953069	0.969314079422	0.0126353790614	0.0117328519856
0.414259927798	0.139891696751	0.18321299639	0.262635379061
0.111913357401	0.52797833935	0.15523465704	0.204873646209
0.331227436823	0.264440433213	0.160649819495	0.243682310469
0.204873646209	0.3059566787	0.198555956679	0.290613718412
0.243682310469	0.290613718412	0.180505415162	0.285198555957
0.23916967509	0.303249097473	0.22202166065	0.235559566787
0.245487364621	0.31678700361	0.188628158845	0.249097472924

MOTIF Mo2015_EXCpos_Ctx_fold2_2.fwd
letter-probability matrix: alength= 4 w= 21 nsites= 907 E= 0
0.317530319735	0.1598676957	0.166482910695	0.35611907387
0.291069459757	0.124586549063	0.300992282249	0.283351708931
0.270121278942	0.378169790518	0.162072767365	0.189636163175
0.411245865491	0.136714443219	0.0959206174201	0.35611907387
0.436604189636	0.104740904079	0.263506063947	0.195148842337
0.441014332966	0.0915104740904	0.230429988975	0.237045203969
0.249173098126	0.114663726571	0.504961411246	0.131201764057
0.662624035281	0.0672546857773	0.173098125689	0.0970231532525
0.748621830209	0.0242557883131	0.162072767365	0.0650496141125
0.83572216097	0.0297684674752	0.0926130099228	0.0418963616318
0.778390297685	0.0396912899669	0.122381477398	0.0595369349504
0.732083792723	0.0529217199559	0.13230429989	0.0826901874311
0.810363836825	0.0385887541345	0.0926130099228	0.058434399118
0.890848952591	0.0154355016538	0.0573318632856	0.0363836824697
0.852260198456	0.0286659316428	0.0540242557883	0.0650496141125
0.726571113561	0.0540242557883	0.0738699007718	0.145534729879
0.555678059537	0.101433296582	0.114663726571	0.22822491731
0.403528114664	0.120176405733	0.211686879824	0.264608599779
0.405733186329	0.183020948181	0.130099228225	0.281146637266
0.398015435502	0.174200661521	0.181918412348	0.245865490628
0.338478500551	0.192943770673	0.162072767365	0.306504961411

MOTIF Mo2015_EXCpos_Ctx_fold2_3.fwd
letter-probability matrix: alength= 4 w= 21 nsites= 548 E= 0
0.333941605839	0.156934306569	0.220802919708	0.288321167883
0.297445255474	0.193430656934	0.173357664234	0.335766423358
0.308394160584	0.180656934307	0.200729927007	0.310218978102
0.357664233577	0.155109489051	0.171532846715	0.315693430657
0.301094890511	0.142335766423	0.240875912409	0.315693430657
0.268248175182	0.217153284672	0.180656934307	0.333941605839
0.20802919708	0.122262773723	0.0967153284672	0.57299270073
0.0711678832117	0.0766423357664	0.0401459854015	0.81204379562
0.0602189781022	0.0565693430657	0.0784671532847	0.804744525547
0.304744525547	0.0985401459854	0.147810218978	0.448905109489
0.903284671533	0.0255474452555	0.0602189781022	0.0109489051095
0.992700729927	0.0	0.0036496350365	0.0036496350365
0.976277372263	0.00729927007299	0.00547445255474	0.0109489051095
0.735401459854	0.0401459854015	0.0492700729927	0.175182481752
0.275547445255	0.100364963504	0.153284671533	0.470802919708
0.35401459854	0.124087591241	0.246350364964	0.275547445255
0.465328467153	0.151459854015	0.11496350365	0.268248175182
0.465328467153	0.125912408759	0.17700729927	0.231751824818
0.374087591241	0.166058394161	0.151459854015	0.308394160584
0.333941605839	0.175182481752	0.14598540146	0.344890510949
0.275547445255	0.220802919708	0.191605839416	0.31204379562

MOTIF Mo2015_EXCpos_Ctx_fold2_4.fwd
letter-probability matrix: alength= 4 w= 21 nsites= 537 E= 0
0.221601489758	0.243947858473	0.186219739292	0.348230912477
0.247672253259	0.204841713222	0.225325884544	0.322160148976
0.236499068901	0.221601489758	0.28677839851	0.255121042831
0.271880819367	0.180633147114	0.297951582868	0.249534450652
0.33147113594	0.232774674115	0.212290502793	0.223463687151
0.292364990689	0.2104283054	0.188081936685	0.309124767225
0.195530726257	0.275605214153	0.24208566108	0.28677839851
0.176908752328	0.19739292365	0.260707635009	0.364990689013
0.160148975791	0.387337057728	0.240223463687	0.212290502793
0.184357541899	0.00558659217877	0.00931098696462	0.800744878957
0.00186219739292	0.0	0.890130353818	0.10800744879
0.00186219739292	0.996275605214	0.00186219739292	0.0
0.0148975791434	0.944134078212	0.00186219739292	0.0391061452514
0.964618249534	0.0148975791434	0.00744878957169	0.0130353817505
0.728119180633	0.00558659217877	0.253258845438	0.0130353817505
0.309124767225	0.124767225326	0.495344506518	0.0707635009311
0.329608938547	0.188081936685	0.182495344507	0.299813780261
0.35009310987	0.234636871508	0.143389199255	0.271880819367
0.268156424581	0.234636871508	0.176908752328	0.320297951583
0.255121042831	0.217877094972	0.24208566108	0.284916201117
0.270018621974	0.227188081937	0.245810055866	0.256983240223

MOTIF Mo2015_EXCpos_Ctx_fold2_5.fwd
letter-probability matrix: alength= 4 w= 21 nsites= 443 E= 0
0.266365688488	0.277652370203	0.230248306998	0.225733634312
0.284424379233	0.218961625282	0.243792325056	0.252821670429
0.279909706546	0.214446952596	0.237020316027	0.268623024831
0.273137697517	0.218961625282	0.227990970655	0.279909706546
0.264108352144	0.212189616253	0.232505643341	0.291196388262
0.277652370203	0.207674943567	0.207674943567	0.306997742664
0.295711060948	0.212189616253	0.264108352144	0.227990970655
0.273137697517	0.27539503386	0.225733634312	0.225733634312
0.306997742664	0.227990970655	0.232505643341	0.232505643341
0.279909706546	0.191873589165	0.295711060948	0.232505643341
0.365688487585	0.230248306998	0.135440180587	0.268623024831
0.370203160271	0.0722347629797	0.327313769752	0.230248306998
0.261851015801	0.10158013544	0.516930022573	0.119638826185
0.0699774266366	0.884875846501	0.0225733634312	0.0225733634312
0.681715575621	0.0158013544018	0.0270880361174	0.27539503386
0.0248306997743	0.00677200902935	0.952595936795	0.0158013544018
0.0158013544018	0.959367945824	0.00451467268623	0.020316027088
0.390519187359	0.079006772009	0.0270880361174	0.503386004515
0.0857787810384	0.0812641083521	0.523702031603	0.309255079007
0.227990970655	0.198645598194	0.227990970655	0.345372460497
0.196388261851	0.221218961625	0.304740406321	0.277652370203

MOTIF Mo2015_EXCpos_Ctx_fold2_6.fwd
letter-probability matrix: alength= 4 w= 21 nsites= 440 E= 0
0.261363636364	0.270454545455	0.184090909091	0.284090909091
0.3	0.238636363636	0.204545454545	0.256818181818
0.247727272727	0.256818181818	0.252272727273	0.243181818182
0.263636363636	0.254545454545	0.2	0.281818181818
0.309090909091	0.272727272727	0.209090909091	0.209090909091
0.343181818182	0.115909090909	0.075	0.465909090909
0.0795454545455	0.0181818181818	0.840909090909	0.0613636363636
0.0113636363636	0.963636363636	0.00227272727273	0.0227272727273
0.413636363636	0.415909090909	0.0431818181818	0.127272727273
0.497727272727	0.0295454545455	0.184090909091	0.288636363636
0.0636363636364	0.0159090909091	0.859090909091	0.0613636363636
0.0204545454545	0.945454545455	0.0272727272727	0.00681818181818
0.284090909091	0.075	0.0454545454545	0.595454545455
0.0909090909091	0.1	0.631818181818	0.177272727273
0.159090909091	0.329545454545	0.218181818182	0.293181818182
0.229545454545	0.265909090909	0.222727272727	0.281818181818
0.275	0.247727272727	0.204545454545	0.272727272727
0.263636363636	0.254545454545	0.204545454545	0.277272727273
0.268181818182	0.25	0.197727272727	0.284090909091
0.236363636364	0.215909090909	0.254545454545	0.293181818182
0.256818181818	0.190909090909	0.25	0.302272727273

MOTIF Mo2015_EXCpos_Ctx_fold2_7.fwd
letter-probability matrix: alength= 4 w= 21 nsites= 421 E= 0
0.315914489311	0.237529691211	0.180522565321	0.266033254157
0.287410926366	0.228028503563	0.16864608076	0.315914489311
0.232779097387	0.268408551069	0.25890736342	0.239904988124
0.275534441805	0.232779097387	0.209026128266	0.282660332542
0.242280285036	0.25890736342	0.166270783848	0.332541567696
0.368171021378	0.128266033254	0.235154394299	0.268408551069
0.0878859857482	0.760095011876	0.140142517815	0.0118764845606
0.0760095011876	0.919239904988	0.00237529691211	0.00237529691211
0.973871733967	0.00712589073634	0.00237529691211	0.0166270783848
0.00475059382423	0.0	0.0261282660333	0.969121140143
0.275534441805	0.719714964371	0.00475059382423	0.0
0.0	0.0	0.0	1.0
0.00237529691211	0.0	0.997624703088	0.0
0.0190023752969	0.339667458432	0.180522565321	0.46080760095
0.161520190024	0.16864608076	0.106888361045	0.562945368171
0.256532066508	0.270783847981	0.20190023753	0.270783847981
0.218527315914	0.296912114014	0.187648456057	0.296912114014
0.268408551069	0.230403800475	0.197149643705	0.304038004751
0.282660332542	0.173396674584	0.220902612827	0.323040380048
0.239904988124	0.256532066508	0.194774346793	0.308788598575
0.282660332542	0.228028503563	0.173396674584	0.315914489311

MOTIF Mo2015_EXCpos_Ctx_fold2_8.fwd
letter-probability matrix: alength= 4 w= 21 nsites= 389 E= 0
0.318766066838	0.210796915167	0.210796915167	0.259640102828
0.228791773779	0.298200514139	0.226221079692	0.246786632391
0.275064267352	0.25706940874	0.19794344473	0.269922879177
0.246786632391	0.249357326478	0.215938303342	0.287917737789
0.26735218509	0.254498714653	0.203084832905	0.275064267352
0.269922879177	0.161953727506	0.323907455013	0.244215938303
0.19794344473	0.452442159383	0.19794344473	0.151670951157
0.313624678663	0.12853470437	0.143958868895	0.413881748072
0.269922879177	0.223650385604	0.339331619537	0.167095115681
0.352185089974	0.192802056555	0.12853470437	0.3264781491
0.192802056555	0.0385604113111	0.601542416452	0.167095115681
0.0385604113111	0.902313624679	0.0385604113111	0.0205655526992
0.457583547558	0.0282776349614	0.025706940874	0.488431876607
0.0719794344473	0.154241645244	0.735218508997	0.0385604113111
0.503856041131	0.0488431876607	0.0205655526992	0.426735218509
0.0205655526992	0.0025706940874	0.925449871465	0.0514138817481
0.0	1.0	0.0	0.0
0.272493573265	0.156812339332	0.0539845758355	0.516709511568
0.19794344473	0.169665809769	0.362467866324	0.269922879177
0.272493573265	0.190231362468	0.295629820051	0.241645244216
0.305912596401	0.221079691517	0.223650385604	0.249357326478

MOTIF Mo2015_EXCpos_Ctx_fold2_9.fwd
letter-probability matrix: alength= 4 w= 21 nsites= 372 E= 0
0.309139784946	0.19623655914	0.206989247312	0.287634408602
0.287634408602	0.163978494624	0.255376344086	0.293010752688
0.239247311828	0.319892473118	0.215053763441	0.225806451613
0.325268817204	0.129032258065	0.174731182796	0.370967741935
0.338709677419	0.209677419355	0.322580645161	0.129032258065
0.510752688172	0.0940860215054	0.115591397849	0.279569892473
0.0940860215054	0.0188172043011	0.817204301075	0.0698924731183
0.0161290322581	0.959677419355	0.010752688172	0.0134408602151
0.338709677419	0.0161290322581	0.00806451612903	0.637096774194
0.0564516129032	0.182795698925	0.739247311828	0.0215053763441
0.362903225806	0.0241935483871	0.0510752688172	0.561827956989
0.0403225806452	0.0241935483871	0.911290322581	0.0241935483871
0.486559139785	0.0806451612903	0.0752688172043	0.35752688172
0.400537634409	0.145161290323	0.260752688172	0.193548387097
0.352150537634	0.188172043011	0.215053763441	0.244623655914
0.338709677419	0.220430107527	0.215053763441	0.225806451613
0.341397849462	0.158602150538	0.206989247312	0.293010752688
0.27688172043	0.180107526882	0.301075268817	0.241935483871
0.309139784946	0.206989247312	0.201612903226	0.282258064516
0.298387096774	0.182795698925	0.247311827957	0.271505376344
0.266129032258	0.225806451613	0.225806451613	0.282258064516

MOTIF Mo2015_EXCpos_Ctx_fold2_10.fwd
letter-probability matrix: alength= 4 w= 21 nsites= 315 E= 0
0.244444444444	0.219047619048	0.247619047619	0.288888888889
0.307936507937	0.203174603175	0.174603174603	0.314285714286
0.266666666667	0.228571428571	0.212698412698	0.292063492063
0.269841269841	0.193650793651	0.273015873016	0.263492063492
0.28253968254	0.174603174603	0.285714285714	0.257142857143
0.24126984127	0.165079365079	0.238095238095	0.355555555556
0.390476190476	0.266666666667	0.247619047619	0.0952380952381
0.0031746031746	0.0031746031746	0.0	0.993650793651
0.0031746031746	0.0	0.914285714286	0.0825396825397
1.0	0.0	0.0	0.0
0.0920634920635	0.0190476190476	0.765079365079	0.12380952381
0.0	0.0	0.0	1.0
0.0126984126984	0.987301587302	0.0	0.0
0.990476190476	0.0	0.00634920634921	0.0031746031746
0.0253968253968	0.292063492063	0.247619047619	0.434920634921
0.304761904762	0.352380952381	0.142857142857	0.2
0.279365079365	0.231746031746	0.219047619048	0.269841269841
0.209523809524	0.285714285714	0.209523809524	0.295238095238
0.228571428571	0.257142857143	0.2	0.314285714286
0.28253968254	0.228571428571	0.222222222222	0.266666666667
0.263492063492	0.247619047619	0.225396825397	0.263492063492

MOTIF Mo2015_EXCpos_Ctx_fold2_11.fwd
letter-probability matrix: alength= 4 w= 21 nsites= 274 E= 0
0.28102189781	0.229927007299	0.204379562044	0.284671532847
0.277372262774	0.284671532847	0.186131386861	0.251824817518
0.324817518248	0.193430656934	0.200729927007	0.28102189781
0.302919708029	0.156934306569	0.28102189781	0.259124087591
0.321167883212	0.149635036496	0.204379562044	0.324817518248
0.277372262774	0.0510948905109	0.186131386861	0.485401459854
0.0985401459854	0.0802919708029	0.346715328467	0.474452554745
0.0948905109489	0.656934306569	0.0510948905109	0.197080291971
0.0036496350365	0.00729927007299	0.0036496350365	0.985401459854
0.963503649635	0.0	0.014598540146	0.021897810219
0.0	0.0	0.0	1.0
0.0	0.0	0.0	1.0
0.0036496350365	0.0328467153285	0.0036496350365	0.959854014599
0.0839416058394	0.160583941606	0.036496350365	0.71897810219
0.233576642336	0.109489051095	0.0985401459854	0.558394160584
0.605839416058	0.0182481751825	0.313868613139	0.0620437956204
0.277372262774	0.113138686131	0.383211678832	0.226277372263
0.306569343066	0.288321167883	0.182481751825	0.222627737226
0.313868613139	0.211678832117	0.189781021898	0.284671532847
0.284671532847	0.200729927007	0.171532846715	0.343065693431
0.240875912409	0.20802919708	0.229927007299	0.321167883212

MOTIF Mo2015_EXCpos_Ctx_fold2_12.fwd
letter-probability matrix: alength= 4 w= 21 nsites= 213 E= 0
0.262910798122	0.192488262911	0.24882629108	0.295774647887
0.31455399061	0.178403755869	0.206572769953	0.300469483568
0.276995305164	0.206572769953	0.201877934272	0.31455399061
0.276995305164	0.31455399061	0.169014084507	0.239436619718
0.258215962441	0.197183098592	0.201877934272	0.342723004695
0.328638497653	0.112676056338	0.267605633803	0.291079812207
0.244131455399	0.244131455399	0.272300469484	0.239436619718
0.384976525822	0.197183098592	0.239436619718	0.178403755869
0.37558685446	0.103286384977	0.107981220657	0.413145539906
0.220657276995	0.0234741784038	0.0657276995305	0.69014084507
0.647887323944	0.0610328638498	0.0469483568075	0.244131455399
0.056338028169	0.0140845070423	0.0093896713615	0.920187793427
0.00469483568075	0.0	0.981220657277	0.0140845070423
0.00469483568075	0.967136150235	0.0140845070423	0.0140845070423
0.943661971831	0.00469483568075	0.0	0.0516431924883
0.718309859155	0.0281690140845	0.1220657277	0.131455399061
0.56338028169	0.107981220657	0.1220657277	0.206572769953
0.206572769953	0.140845070423	0.206572769953	0.446009389671
0.159624413146	0.258215962441	0.291079812207	0.291079812207
0.338028169014	0.211267605634	0.164319248826	0.286384976526
0.323943661972	0.183098591549	0.239436619718	0.253521126761

MOTIF Mo2015_EXCpos_Ctx_fold2_13.fwd
letter-probability matrix: alength= 4 w= 21 nsites= 211 E= 0
0.270142180095	0.194312796209	0.199052132701	0.336492890995
0.251184834123	0.184834123223	0.279620853081	0.284360189573
0.274881516588	0.251184834123	0.236966824645	0.236966824645
0.255924170616	0.175355450237	0.255924170616	0.312796208531
0.265402843602	0.189573459716	0.260663507109	0.284360189573
0.379146919431	0.0900473933649	0.161137440758	0.369668246445
0.170616113744	0.0616113744076	0.412322274882	0.355450236967
0.0710900473934	0.734597156398	0.0568720379147	0.137440758294
0.00473933649289	0.0236966824645	0.00473933649289	0.96682464455
0.938388625592	0.0142180094787	0.0236966824645	0.0236966824645
0.241706161137	0.0284360189573	0.00473933649289	0.725118483412
0.402843601896	0.0189573459716	0.0142180094787	0.563981042654
0.0900473933649	0.0473933649289	0.00473933649289	0.857819905213
0.308056872038	0.0521327014218	0.0331753554502	0.60663507109
0.113744075829	0.0189573459716	0.0521327014218	0.815165876777
0.706161137441	0.0189573459716	0.251184834123	0.0236966824645
0.170616113744	0.0710900473934	0.616113744076	0.142180094787
0.379146919431	0.341232227488	0.118483412322	0.161137440758
0.336492890995	0.156398104265	0.165876777251	0.341232227488
0.284360189573	0.208530805687	0.222748815166	0.284360189573
0.260663507109	0.24644549763	0.21327014218	0.279620853081

MOTIF Mo2015_EXCpos_Ctx_fold2_14.fwd
letter-probability matrix: alength= 4 w= 21 nsites= 127 E= 0
0.299212598425	0.181102362205	0.204724409449	0.314960629921
0.291338582677	0.283464566929	0.196850393701	0.228346456693
0.0944881889764	0.236220472441	0.244094488189	0.425196850394
0.354330708661	0.0472440944882	0.385826771654	0.212598425197
0.0472440944882	0.503937007874	0.377952755906	0.0708661417323
0.0629921259843	0.314960629921	0.0236220472441	0.59842519685
0.0708661417323	0.0157480314961	0.834645669291	0.0787401574803
0.00787401574803	0.952755905512	0.0236220472441	0.0157480314961
0.0	0.984251968504	0.0	0.0157480314961
0.472440944882	0.503937007874	0.0157480314961	0.00787401574803
0.00787401574803	0.456692913386	0.0	0.535433070866
0.0	1.0	0.0	0.0
0.0157480314961	0.0393700787402	0.00787401574803	0.937007874016
0.456692913386	0.0236220472441	0.370078740157	0.149606299213
0.0157480314961	0.425196850394	0.543307086614	0.0157480314961
0.0866141732283	0.0708661417323	0.0	0.842519685039
0.0	0.0	1.0	0.0
0.0629921259843	0.0314960629921	0.834645669291	0.0708661417323
0.204724409449	0.425196850394	0.0472440944882	0.322834645669
0.314960629921	0.346456692913	0.110236220472	0.228346456693
0.425196850394	0.11811023622	0.307086614173	0.149606299213

MOTIF Mo2015_EXCpos_Ctx_fold2_15.fwd
letter-probability matrix: alength= 4 w= 21 nsites= 96 E= 0
0.364583333333	0.177083333333	0.177083333333	0.28125
0.21875	0.21875	0.28125	0.28125
0.260416666667	0.09375	0.291666666667	0.354166666667
0.302083333333	0.177083333333	0.260416666667	0.260416666667
0.333333333333	0.177083333333	0.166666666667	0.322916666667
0.3125	0.239583333333	0.25	0.197916666667
0.364583333333	0.0833333333333	0.135416666667	0.416666666667
0.291666666667	0.125	0.270833333333	0.3125
0.0	0.0	0.0	1.0
0.0	0.0104166666667	0.0104166666667	0.979166666667
0.916666666667	0.0	0.0833333333333	0.0
0.0	0.708333333333	0.0	0.291666666667
0.989583333333	0.0	0.0104166666667	0.0
0.0104166666667	0.0208333333333	0.0	0.96875
0.979166666667	0.0208333333333	0.0	0.0
0.989583333333	0.0	0.0	0.0104166666667
0.239583333333	0.229166666667	0.166666666667	0.364583333333
0.354166666667	0.270833333333	0.1875	0.1875
0.25	0.239583333333	0.1875	0.322916666667
0.354166666667	0.166666666667	0.21875	0.260416666667
0.354166666667	0.15625	0.25	0.239583333333

MOTIF Mo2015_EXCpos_Ctx_fold2_16.fwd
letter-probability matrix: alength= 4 w= 21 nsites= 64 E= 0
0.328125	0.109375	0.21875	0.34375
0.28125	0.15625	0.234375	0.328125
0.265625	0.1875	0.265625	0.28125
0.328125	0.140625	0.25	0.28125
0.25	0.21875	0.25	0.28125
0.390625	0.078125	0.234375	0.296875
0.375	0.140625	0.328125	0.15625
0.40625	0.140625	0.125	0.328125
0.09375	0.1875	0.625	0.09375
0.140625	0.0625	0.0	0.796875
0.0	0.015625	0.984375	0.0
0.328125	0.0	0.0625	0.609375
0.03125	0.03125	0.9375	0.0
0.984375	0.0	0.0	0.015625
1.0	0.0	0.0	0.0
0.859375	0.015625	0.015625	0.109375
0.40625	0.078125	0.0625	0.453125
0.234375	0.15625	0.15625	0.453125
0.265625	0.28125	0.25	0.203125
0.3125	0.15625	0.234375	0.296875
0.25	0.1875	0.21875	0.34375

MOTIF Mo2015_EXCpos_Ctx_fold2_17.fwd
letter-probability matrix: alength= 4 w= 21 nsites= 75 E= 0
0.28	0.213333333333	0.0933333333333	0.413333333333
0.333333333333	0.12	0.106666666667	0.44
0.373333333333	0.133333333333	0.0933333333333	0.4
0.32	0.2	0.173333333333	0.306666666667
0.226666666667	0.2	0.0666666666667	0.506666666667
0.306666666667	0.0933333333333	0.0666666666667	0.533333333333
0.72	0.0266666666667	0.12	0.133333333333
0.32	0.0266666666667	0.0533333333333	0.6
0.24	0.106666666667	0.0266666666667	0.626666666667
0.786666666667	0.0266666666667	0.0533333333333	0.133333333333
0.866666666667	0.0133333333333	0.0266666666667	0.0933333333333
0.106666666667	0.0533333333333	0.0133333333333	0.826666666667
0.32	0.12	0.04	0.52
0.84	0.0266666666667	0.0533333333333	0.08
0.44	0.0266666666667	0.0933333333333	0.44
0.2	0.04	0.04	0.72
0.173333333333	0.08	0.08	0.666666666667
0.346666666667	0.0533333333333	0.0933333333333	0.506666666667
0.293333333333	0.213333333333	0.16	0.333333333333
0.373333333333	0.226666666667	0.16	0.24
0.36	0.2	0.16	0.28

MOTIF Mo2015_EXCpos_Ctx_fold2_18.fwd
letter-probability matrix: alength= 4 w= 21 nsites= 57 E= 0
0.245614035088	0.210526315789	0.280701754386	0.263157894737
0.210526315789	0.298245614035	0.19298245614	0.298245614035
0.175438596491	0.263157894737	0.228070175439	0.333333333333
0.210526315789	0.19298245614	0.19298245614	0.40350877193
0.0877192982456	0.333333333333	0.122807017544	0.456140350877
0.19298245614	0.0175438596491	0.40350877193	0.385964912281
0.0175438596491	0.0	0.982456140351	0.0
0.0	0.0	0.0	1.0
0.0	0.0175438596491	0.0	0.982456140351
0.122807017544	0.0175438596491	0.649122807018	0.210526315789
0.0	0.964912280702	0.0	0.0350877192982
0.0	0.59649122807	0.0	0.40350877193
0.947368421053	0.0350877192982	0.0	0.0175438596491
0.19298245614	0.0175438596491	0.0701754385965	0.719298245614
0.122807017544	0.0	0.877192982456	0.0
0.0701754385965	0.0526315789474	0.842105263158	0.0350877192982
0.368421052632	0.315789473684	0.0526315789474	0.263157894737
0.438596491228	0.0526315789474	0.298245614035	0.210526315789
0.701754385965	0.122807017544	0.105263157895	0.0701754385965
0.0877192982456	0.59649122807	0.0701754385965	0.245614035088
0.40350877193	0.175438596491	0.175438596491	0.245614035088

MOTIF Mo2015_EXCpos_Ctx_fold2_19.fwd
letter-probability matrix: alength= 4 w= 21 nsites= 40 E= 0
0.0	0.0	0.0	1.0
0.025	0.0	0.975	0.0
0.0	0.0	0.0	1.0
0.0	0.0	1.0	0.0
0.0	0.0	0.0	1.0
0.0	0.0	1.0	0.0
0.0	0.0	0.0	1.0
0.0	0.0	1.0	0.0
0.0	0.0	0.0	1.0
0.025	0.0	0.975	0.0
0.0	0.0	0.0	1.0
0.0	0.0	1.0	0.0
0.0	0.0	0.0	1.0
0.0	0.0	1.0	0.0
0.0	0.0	0.0	1.0
0.0	0.0	1.0	0.0
0.025	0.025	0.0	0.95
0.0	0.0	1.0	0.0
0.025	0.0	0.0	0.975
0.0	0.0	1.0	0.0
0.05	0.0	0.0	0.95

MOTIF Mo2015_EXCpos_Ctx_fold2_20.fwd
letter-probability matrix: alength= 4 w= 21 nsites= 50 E= 0
0.22	0.24	0.2	0.34
0.32	0.14	0.22	0.32
0.4	0.22	0.2	0.18
0.46	0.12	0.1	0.32
0.4	0.12	0.14	0.34
0.2	0.26	0.12	0.42
0.36	0.2	0.2	0.24
0.62	0.04	0.1	0.24
0.16	0.04	0.0	0.8
0.06	0.02	0.0	0.92
0.92	0.0	0.02	0.06
0.44	0.0	0.02	0.54
0.02	0.0	0.0	0.98
0.7	0.0	0.04	0.26
0.84	0.0	0.06	0.1
0.42	0.14	0.08	0.36
0.16	0.18	0.08	0.58
0.38	0.16	0.08	0.38
0.34	0.26	0.22	0.18
0.36	0.16	0.1	0.38
0.3	0.18	0.22	0.3

MOTIF Mo2015_EXCpos_Ctx_fold2_21.fwd
letter-probability matrix: alength= 4 w= 21 nsites= 46 E= 0
0.217391304348	0.304347826087	0.195652173913	0.282608695652
0.347826086957	0.152173913043	0.239130434783	0.260869565217
0.282608695652	0.260869565217	0.195652173913	0.260869565217
0.217391304348	0.282608695652	0.173913043478	0.326086956522
0.369565217391	0.130434782609	0.173913043478	0.326086956522
0.5	0.0869565217391	0.195652173913	0.217391304348
0.195652173913	0.5	0.173913043478	0.130434782609
0.54347826087	0.108695652174	0.0869565217391	0.260869565217
0.217391304348	0.434782608696	0.326086956522	0.0217391304348
0.673913043478	0.0652173913043	0.0217391304348	0.239130434783
0.0217391304348	0.0434782608696	0.934782608696	0.0
0.130434782609	0.0217391304348	0.0217391304348	0.826086956522
0.0	0.0217391304348	0.978260869565	0.0
0.434782608696	0.0434782608696	0.0434782608696	0.478260869565
0.0434782608696	0.0	0.934782608696	0.0217391304348
0.608695652174	0.0217391304348	0.217391304348	0.152173913043
0.652173913043	0.0434782608696	0.152173913043	0.152173913043
0.565217391304	0.0217391304348	0.239130434783	0.173913043478
0.239130434783	0.260869565217	0.108695652174	0.391304347826
0.217391304348	0.108695652174	0.282608695652	0.391304347826
0.260869565217	0.239130434783	0.282608695652	0.217391304348

