MEME version 4

ALPHABET= ACGT

strands: + -

Background letter frequencies (from unknown source)
A 0.250 C 0.250 G 0.250 T 0.250

MOTIF Mo2015_EXCpos_Ctx_fold1_1.fwd
letter-probability matrix: alength= 4 w= 21 nsites= 1113 E= 0
0.285714285714	0.22102425876	0.235399820305	0.25786163522
0.276729559748	0.199460916442	0.243486073675	0.280323450135
0.274034141959	0.261455525606	0.18957771788	0.274932614555
0.267744833783	0.231805929919	0.22641509434	0.274034141959
0.222821203953	0.312668463612	0.212039532794	0.252470799641
0.370170709793	0.204851752022	0.199460916442	0.225516621743
0.229110512129	0.360287511231	0.1841868823	0.22641509434
0.355795148248	0.0682839173405	0.336028751123	0.239892183288
0.047619047619	0.821203953279	0.100628930818	0.0305480682839
0.312668463612	0.0431266846361	0.0485175202156	0.595687331536
0.0619946091644	0.134770889488	0.712488769093	0.0907457322552
0.401617250674	0.0404312668464	0.0341419586703	0.52380952381
0.0539083557951	0.00449236298293	0.877807726864	0.0637915543576
0.0799640610961	0.833782569632	0.0188679245283	0.0673854447439
0.389038634322	0.0862533692722	0.0619946091644	0.462713387242
0.213836477987	0.153638814016	0.470799640611	0.161725067385
0.33153638814	0.199460916442	0.179694519317	0.289308176101
0.250673854447	0.208445642408	0.284815813118	0.256064690027
0.254267744834	0.249775381851	0.215633423181	0.280323450135
0.282120395328	0.215633423181	0.213836477987	0.288409703504
0.292902066487	0.21832884097	0.241689128482	0.247079964061

MOTIF Mo2015_EXCpos_Ctx_fold1_2.fwd
letter-probability matrix: alength= 4 w= 21 nsites= 1010 E= 0
0.285148514851	0.222772277228	0.277227722772	0.214851485149
0.294059405941	0.191089108911	0.275247524752	0.239603960396
0.30297029703	0.187128712871	0.270297029703	0.239603960396
0.247524752475	0.2	0.30099009901	0.251485148515
0.286138613861	0.181188118812	0.307920792079	0.224752475248
0.280198019802	0.225742574257	0.288118811881	0.205940594059
0.236633663366	0.173267326733	0.244554455446	0.345544554455
0.213861386139	0.150495049505	0.535643564356	0.1
0.29504950495	0.174257425743	0.0960396039604	0.434653465347
0.0128712871287	0.00594059405941	0.979207920792	0.0019801980198
0.0574257425743	0.0564356435644	0.244554455446	0.641584158416
0.276237623762	0.0128712871287	0.69702970297	0.0138613861386
0.0128712871287	0.0415841584158	0.924752475248	0.0207920792079
0.00594059405941	0.00792079207921	0.980198019802	0.00594059405941
0.411881188119	0.213861386139	0.0237623762376	0.350495049505
0.131683168317	0.0306930693069	0.718811881188	0.118811881188
0.0990099009901	0.10297029703	0.580198019802	0.217821782178
0.279207920792	0.216831683168	0.266336633663	0.237623762376
0.30495049505	0.132673267327	0.294059405941	0.268316831683
0.258415841584	0.172277227723	0.340594059406	0.228712871287
0.242574257426	0.219801980198	0.266336633663	0.271287128713

MOTIF Mo2015_EXCpos_Ctx_fold1_3.fwd
letter-probability matrix: alength= 4 w= 21 nsites= 603 E= 0
0.248756218905	0.257048092869	0.199004975124	0.295190713101
0.305140961857	0.22056384743	0.194029850746	0.280265339967
0.250414593698	0.189054726368	0.24543946932	0.315091210614
0.253731343284	0.169154228856	0.344941956882	0.232172470978
0.280265339967	0.192371475954	0.311774461028	0.215588723051
0.303482587065	0.232172470978	0.237147595357	0.2271973466
0.28855721393	0.180762852405	0.194029850746	0.336650082919
0.235489220564	0.262023217247	0.242122719735	0.260364842454
0.149253731343	0.217247097844	0.278606965174	0.354892205638
0.137645107794	0.421227197347	0.257048092869	0.18407960199
0.147595356551	0.0215588723051	0.00497512437811	0.825870646766
0.0016583747927	0.0	0.89552238806	0.102819237148
0.0016583747927	0.983416252073	0.0116086235489	0.00331674958541
0.0215588723051	0.935323383085	0.0	0.0431177446103
0.943615257048	0.0182421227197	0.00331674958541	0.0348258706468
0.706467661692	0.00331674958541	0.285240464345	0.00497512437811
0.353233830846	0.174129353234	0.40464344942	0.0679933665008
0.391376451078	0.127694859038	0.179104477612	0.301824212272
0.346600331675	0.24543946932	0.164179104478	0.243781094527
0.278606965174	0.255389718076	0.22056384743	0.24543946932
0.30679933665	0.197346600332	0.225538971808	0.270315091211

MOTIF Mo2015_EXCpos_Ctx_fold1_4.fwd
letter-probability matrix: alength= 4 w= 21 nsites= 478 E= 0
0.311715481172	0.209205020921	0.192468619247	0.286610878661
0.294979079498	0.21129707113	0.196652719665	0.297071129707
0.284518828452	0.244769874477	0.230125523013	0.240585774059
0.301255230126	0.223849372385	0.207112970711	0.267782426778
0.274058577406	0.21129707113	0.276150627615	0.238493723849
0.31589958159	0.190376569038	0.282426778243	0.21129707113
0.274058577406	0.179916317992	0.330543933054	0.215481171548
0.566945606695	0.165271966527	0.1589958159	0.108786610879
0.535564853556	0.167364016736	0.282426778243	0.0146443514644
0.0	1.0	0.0	0.0
0.993723849372	0.0	0.00209205020921	0.00418410041841
0.0	0.010460251046	0.730125523013	0.259414225941
0.882845188285	0.0983263598326	0.00418410041841	0.0146443514644
0.0251046025105	0.00418410041841	0.00627615062762	0.964435146444
0.00627615062762	0.0	0.914225941423	0.0794979079498
0.0167364016736	0.121338912134	0.748953974895	0.112970711297
0.209205020921	0.251046025105	0.161087866109	0.378661087866
0.261506276151	0.196652719665	0.269874476987	0.271966527197
0.274058577406	0.228033472803	0.200836820084	0.297071129707
0.238493723849	0.217573221757	0.234309623431	0.309623430962
0.265690376569	0.217573221757	0.221757322176	0.294979079498

MOTIF Mo2015_EXCpos_Ctx_fold1_5.fwd
letter-probability matrix: alength= 4 w= 21 nsites= 459 E= 0
0.259259259259	0.169934640523	0.183006535948	0.38779956427
0.281045751634	0.18082788671	0.196078431373	0.342047930283
0.298474945534	0.152505446623	0.159041394336	0.389978213508
0.17211328976	0.156862745098	0.23311546841	0.437908496732
0.193899782135	0.254901960784	0.176470588235	0.374727668845
0.254901960784	0.145969498911	0.18082788671	0.418300653595
0.244008714597	0.139433551198	0.0893246187364	0.527233115468
0.0958605664488	0.0305010893246	0.0239651416122	0.849673202614
0.00435729847495	0.00653594771242	0.0	0.989106753813
0.0130718954248	0.0196078431373	0.00653594771242	0.960784313725
0.0501089324619	0.111111111111	0.0479302832244	0.790849673203
0.0675381263617	0.139433551198	0.0239651416122	0.769063180828
0.037037037037	0.108932461874	0.0283224400871	0.825708061002
0.0217864923747	0.0588235294118	0.0108932461874	0.908496732026
0.00871459694989	0.0479302832244	0.0152505446623	0.928104575163
0.037037037037	0.137254901961	0.0283224400871	0.797385620915
0.139433551198	0.294117647059	0.0653594771242	0.501089324619
0.246187363834	0.187363834423	0.0980392156863	0.468409586057
0.274509803922	0.187363834423	0.161220043573	0.376906318083
0.272331154684	0.154684095861	0.178649237473	0.394335511983
0.244008714597	0.230936819172	0.152505446623	0.372549019608

MOTIF Mo2015_EXCpos_Ctx_fold1_6.fwd
letter-probability matrix: alength= 4 w= 21 nsites= 446 E= 0
0.304932735426	0.201793721973	0.170403587444	0.322869955157
0.295964125561	0.183856502242	0.19730941704	0.322869955157
0.309417040359	0.235426008969	0.208520179372	0.2466367713
0.322869955157	0.141255605381	0.186098654709	0.349775784753
0.237668161435	0.19730941704	0.235426008969	0.329596412556
0.204035874439	0.226457399103	0.109865470852	0.459641255605
0.159192825112	0.168161434978	0.143497757848	0.529147982063
0.161434977578	0.130044843049	0.0829596412556	0.625560538117
0.22869955157	0.0807174887892	0.0784753363229	0.612107623318
0.085201793722	0.0291479820628	0.0179372197309	0.867713004484
0.0224215246637	0.00448430493274	0.0067264573991	0.966367713004
0.0067264573991	0.0067264573991	0.00224215246637	0.984304932735
0.0067264573991	0.0448430493274	0.0134529147982	0.934977578475
0.085201793722	0.217488789238	0.0515695067265	0.645739910314
0.190582959641	0.338565022422	0.0874439461883	0.383408071749
0.2533632287	0.242152466368	0.12331838565	0.381165919283
0.224215246637	0.307174887892	0.0941704035874	0.374439461883
0.239910313901	0.233183856502	0.179372197309	0.347533632287
0.19730941704	0.334080717489	0.177130044843	0.291479820628
0.331838565022	0.174887892377	0.114349775785	0.378923766816
0.2533632287	0.163677130045	0.2533632287	0.329596412556

MOTIF Mo2015_EXCpos_Ctx_fold1_7.fwd
letter-probability matrix: alength= 4 w= 21 nsites= 419 E= 0
0.27923627685	0.188544152745	0.226730310263	0.305489260143
0.284009546539	0.205250596659	0.207637231504	0.303102625298
0.257756563246	0.257756563246	0.207637231504	0.276849642005
0.338902147971	0.152744630072	0.224343675418	0.284009546539
0.248210023866	0.202863961814	0.272076372315	0.276849642005
0.288782816229	0.114558472554	0.241050119332	0.355608591885
0.138424821002	0.0930787589499	0.348448687351	0.420047732697
0.0859188544153	0.656324582339	0.0668257756563	0.190930787589
0.0	0.0238663484487	0.0	0.976133651551
0.966587112172	0.00954653937947	0.00715990453461	0.0167064439141
0.0835322195704	0.0119331742243	0.00715990453461	0.897374701671
0.17661097852	0.00954653937947	0.00477326968974	0.809069212411
0.0214797136038	0.0238663484487	0.00238663484487	0.952267303103
0.18138424821	0.0811455847255	0.0190930787589	0.718377088305
0.140811455847	0.0572792362768	0.0930787589499	0.708830548926
0.692124105012	0.0286396181384	0.238663484487	0.0405727923628
0.210023866348	0.0954653937947	0.513126491647	0.18138424821
0.346062052506	0.298329355609	0.155131264916	0.200477326969
0.281622911695	0.214797136038	0.143198090692	0.360381861575
0.286396181384	0.226730310263	0.178997613365	0.307875894988
0.260143198091	0.224343675418	0.157517899761	0.35799522673

MOTIF Mo2015_EXCpos_Ctx_fold1_8.fwd
letter-probability matrix: alength= 4 w= 21 nsites= 348 E= 0
0.261494252874	0.209770114943	0.23275862069	0.295977011494
0.281609195402	0.281609195402	0.181034482759	0.255747126437
0.379310344828	0.206896551724	0.183908045977	0.229885057471
0.293103448276	0.221264367816	0.258620689655	0.227011494253
0.258620689655	0.247126436782	0.175287356322	0.318965517241
0.252873563218	0.146551724138	0.270114942529	0.330459770115
0.221264367816	0.385057471264	0.255747126437	0.137931034483
0.0	0.0	0.0	1.0
0.0	0.0	0.859195402299	0.140804597701
1.0	0.0	0.0	0.0
0.120689655172	0.413793103448	0.359195402299	0.10632183908
0.00287356321839	0.0	0.0	0.997126436782
0.0545977011494	0.945402298851	0.0	0.0
1.0	0.0	0.0	0.0
0.00862068965517	0.204022988506	0.132183908046	0.655172413793
0.290229885057	0.278735632184	0.17816091954	0.252873563218
0.227011494253	0.33908045977	0.212643678161	0.221264367816
0.238505747126	0.221264367816	0.204022988506	0.336206896552
0.175287356322	0.238505747126	0.275862068966	0.310344827586
0.284482758621	0.23275862069	0.17816091954	0.304597701149
0.23275862069	0.25	0.224137931034	0.293103448276

MOTIF Mo2015_EXCpos_Ctx_fold1_9.fwd
letter-probability matrix: alength= 4 w= 21 nsites= 329 E= 0
0.322188449848	0.182370820669	0.173252279635	0.322188449848
0.325227963526	0.185410334347	0.161094224924	0.328267477204
0.349544072948	0.170212765957	0.158054711246	0.322188449848
0.288753799392	0.179331306991	0.145896656535	0.386018237082
0.285714285714	0.191489361702	0.133738601824	0.38905775076
0.36170212766	0.0851063829787	0.16717325228	0.386018237082
0.392097264438	0.106382978723	0.127659574468	0.373860182371
0.300911854103	0.118541033435	0.0699088145897	0.510638297872
0.148936170213	0.0547112462006	0.0334346504559	0.762917933131
0.0121580547112	0.00911854103343	0.0151975683891	0.963525835866
0.0759878419453	0.0851063829787	0.0729483282675	0.765957446809
0.54103343465	0.09726443769	0.118541033435	0.243161094225
0.993920972644	0.0	0.00303951367781	0.00303951367781
0.993920972644	0.0	0.00303951367781	0.00303951367781
0.936170212766	0.00911854103343	0.0121580547112	0.0425531914894
0.337386018237	0.0516717325228	0.109422492401	0.501519756839
0.227963525836	0.0911854103343	0.370820668693	0.310030395137
0.395136778116	0.164133738602	0.170212765957	0.270516717325
0.534954407295	0.12462006079	0.16717325228	0.173252279635
0.553191489362	0.103343465046	0.115501519757	0.227963525836
0.352583586626	0.170212765957	0.121580547112	0.355623100304

MOTIF Mo2015_EXCpos_Ctx_fold1_10.fwd
letter-probability matrix: alength= 4 w= 21 nsites= 297 E= 0
0.242424242424	0.306397306397	0.225589225589	0.225589225589
0.3367003367	0.245791245791	0.164983164983	0.252525252525
0.225589225589	0.195286195286	0.340067340067	0.239057239057
0.208754208754	0.353535353535	0.178451178451	0.259259259259
0.340067340067	0.420875420875	0.0976430976431	0.141414141414
0.488215488215	0.047138047138	0.148148148148	0.316498316498
0.003367003367	0.0	0.996632996633	0.0
0.010101010101	0.973063973064	0.010101010101	0.00673400673401
0.946127946128	0.00673400673401	0.010101010101	0.037037037037
0.030303030303	0.020202020202	0.895622895623	0.0538720538721
0.195286195286	0.676767676768	0.0740740740741	0.0538720538721
0.380471380471	0.215488215488	0.124579124579	0.279461279461
0.222222222222	0.124579124579	0.319865319865	0.333333333333
0.138047138047	0.208754208754	0.454545454545	0.198653198653
0.23569023569	0.356902356902	0.185185185185	0.222222222222
0.309764309764	0.198653198653	0.198653198653	0.292929292929
0.20202020202	0.232323232323	0.289562289562	0.276094276094
0.265993265993	0.198653198653	0.252525252525	0.282828282828
0.265993265993	0.212121212121	0.292929292929	0.228956228956
0.255892255892	0.259259259259	0.218855218855	0.265993265993
0.292929292929	0.195286195286	0.26936026936	0.242424242424

MOTIF Mo2015_EXCpos_Ctx_fold1_11.fwd
letter-probability matrix: alength= 4 w= 21 nsites= 193 E= 0
0.20207253886	0.238341968912	0.227979274611	0.331606217617
0.305699481865	0.248704663212	0.19170984456	0.253886010363
0.295336787565	0.181347150259	0.222797927461	0.300518134715
0.367875647668	0.165803108808	0.222797927461	0.243523316062
0.388601036269	0.176165803109	0.176165803109	0.259067357513
0.279792746114	0.212435233161	0.160621761658	0.347150259067
0.150259067358	0.155440414508	0.170984455959	0.523316062176
0.176165803109	0.0725388601036	0.388601036269	0.362694300518
0.331606217617	0.19689119171	0.331606217617	0.139896373057
0.979274611399	0.0155440414508	0.00518134715026	0.0
0.968911917098	0.0103626943005	0.00518134715026	0.0155440414508
0.922279792746	0.0259067357513	0.0362694300518	0.0155440414508
0.124352331606	0.0362694300518	0.0155440414508	0.823834196891
0.0103626943005	0.020725388601	0.958549222798	0.0103626943005
0.186528497409	0.39896373057	0.0310880829016	0.383419689119
0.450777202073	0.0310880829016	0.367875647668	0.150259067358
0.264248704663	0.243523316062	0.248704663212	0.243523316062
0.284974093264	0.243523316062	0.170984455959	0.300518134715
0.279792746114	0.243523316062	0.19170984456	0.284974093264
0.295336787565	0.233160621762	0.176165803109	0.295336787565
0.326424870466	0.19170984456	0.165803108808	0.316062176166

MOTIF Mo2015_EXCpos_Ctx_fold1_12.fwd
letter-probability matrix: alength= 4 w= 21 nsites= 122 E= 0
0.344262295082	0.172131147541	0.147540983607	0.33606557377
0.344262295082	0.254098360656	0.196721311475	0.204918032787
0.106557377049	0.213114754098	0.237704918033	0.44262295082
0.409836065574	0.106557377049	0.311475409836	0.172131147541
0.0819672131148	0.401639344262	0.393442622951	0.122950819672
0.0737704918033	0.311475409836	0.0409836065574	0.573770491803
0.0409836065574	0.0491803278689	0.803278688525	0.106557377049
0.0409836065574	0.94262295082	0.016393442623	0.0
0.0	0.983606557377	0.00819672131148	0.00819672131148
0.590163934426	0.360655737705	0.016393442623	0.0327868852459
0.00819672131148	0.491803278689	0.0	0.5
0.0	1.0	0.0	0.0
0.016393442623	0.0491803278689	0.016393442623	0.918032786885
0.409836065574	0.0245901639344	0.409836065574	0.155737704918
0.00819672131148	0.327868852459	0.647540983607	0.016393442623
0.0901639344262	0.0327868852459	0.0	0.877049180328
0.00819672131148	0.0	0.983606557377	0.00819672131148
0.0573770491803	0.0327868852459	0.819672131148	0.0901639344262
0.22131147541	0.344262295082	0.0819672131148	0.352459016393
0.22131147541	0.33606557377	0.196721311475	0.245901639344
0.450819672131	0.0737704918033	0.295081967213	0.180327868852

MOTIF Mo2015_EXCpos_Ctx_fold1_13.fwd
letter-probability matrix: alength= 4 w= 21 nsites= 111 E= 0
0.315315315315	0.171171171171	0.153153153153	0.36036036036
0.279279279279	0.171171171171	0.243243243243	0.306306306306
0.216216216216	0.225225225225	0.234234234234	0.324324324324
0.288288288288	0.198198198198	0.234234234234	0.279279279279
0.252252252252	0.216216216216	0.18018018018	0.351351351351
0.342342342342	0.171171171171	0.18018018018	0.306306306306
0.306306306306	0.189189189189	0.216216216216	0.288288288288
0.0	0.0	0.0	1.0
0.0	0.0	0.0	1.0
0.990990990991	0.0	0.00900900900901	0.0
0.0	0.045045045045	0.0	0.954954954955
0.261261261261	0.0	0.738738738739	0.0
0.0	0.117117117117	0.0	0.882882882883
0.981981981982	0.018018018018	0.0	0.0
0.990990990991	0.0	0.0	0.00900900900901
0.279279279279	0.342342342342	0.189189189189	0.189189189189
0.333333333333	0.135135135135	0.117117117117	0.414414414414
0.297297297297	0.243243243243	0.153153153153	0.306306306306
0.351351351351	0.216216216216	0.171171171171	0.261261261261
0.378378378378	0.171171171171	0.153153153153	0.297297297297
0.423423423423	0.18018018018	0.135135135135	0.261261261261

MOTIF Mo2015_EXCpos_Ctx_fold1_14.fwd
letter-probability matrix: alength= 4 w= 21 nsites= 132 E= 0
0.166666666667	0.0984848484848	0.537878787879	0.19696969697
0.151515151515	0.136363636364	0.340909090909	0.371212121212
0.143939393939	0.0984848484848	0.560606060606	0.19696969697
0.121212121212	0.113636363636	0.484848484848	0.280303030303
0.106060606061	0.189393939394	0.628787878788	0.0757575757576
0.151515151515	0.0833333333333	0.386363636364	0.378787878788
0.106060606061	0.0530303030303	0.787878787879	0.0530303030303
0.0984848484848	0.0833333333333	0.507575757576	0.310606060606
0.0227272727273	0.0227272727273	0.924242424242	0.030303030303
0.0757575757576	0.0454545454545	0.606060606061	0.272727272727
0.0530303030303	0.0454545454545	0.810606060606	0.0909090909091
0.136363636364	0.0378787878788	0.545454545455	0.280303030303
0.0378787878788	0.0	0.954545454545	0.00757575757576
0.159090909091	0.030303030303	0.416666666667	0.393939393939
0.0757575757576	0.00757575757576	0.886363636364	0.030303030303
0.0151515151515	0.00757575757576	0.787878787879	0.189393939394
0.0454545454545	0.0	0.954545454545	0.0
0.189393939394	0.0984848484848	0.340909090909	0.371212121212
0.0227272727273	0.0530303030303	0.810606060606	0.113636363636
0.159090909091	0.0984848484848	0.484848484848	0.257575757576
0.166666666667	0.106060606061	0.560606060606	0.166666666667

MOTIF Mo2015_EXCpos_Ctx_fold1_15.fwd
letter-probability matrix: alength= 4 w= 21 nsites= 110 E= 0
0.218181818182	0.218181818182	0.181818181818	0.381818181818
0.2	0.281818181818	0.227272727273	0.290909090909
0.227272727273	0.354545454545	0.227272727273	0.190909090909
0.327272727273	0.190909090909	0.0818181818182	0.4
0.2	0.227272727273	0.281818181818	0.290909090909
0.445454545455	0.290909090909	0.163636363636	0.1
0.127272727273	0.836363636364	0.00909090909091	0.0272727272727
0.918181818182	0.0	0.0363636363636	0.0454545454545
0.0181818181818	0.00909090909091	0.954545454545	0.0181818181818
0.0909090909091	0.845454545455	0.0363636363636	0.0272727272727
0.345454545455	0.318181818182	0.0818181818182	0.254545454545
0.163636363636	0.0272727272727	0.327272727273	0.481818181818
0.0545454545455	0.0272727272727	0.836363636364	0.0818181818182
0.0909090909091	0.690909090909	0.0909090909091	0.127272727273
0.372727272727	0.127272727273	0.136363636364	0.363636363636
0.227272727273	0.281818181818	0.163636363636	0.327272727273
0.263636363636	0.172727272727	0.281818181818	0.281818181818
0.190909090909	0.290909090909	0.281818181818	0.236363636364
0.290909090909	0.263636363636	0.218181818182	0.227272727273
0.227272727273	0.281818181818	0.254545454545	0.236363636364
0.254545454545	0.3	0.154545454545	0.290909090909

MOTIF Mo2015_EXCpos_Ctx_fold1_16.fwd
letter-probability matrix: alength= 4 w= 21 nsites= 98 E= 0
0.275510204082	0.224489795918	0.204081632653	0.295918367347
0.19387755102	0.275510204082	0.204081632653	0.326530612245
0.275510204082	0.244897959184	0.214285714286	0.265306122449
0.173469387755	0.102040816327	0.520408163265	0.204081632653
0.0612244897959	0.0918367346939	0.234693877551	0.612244897959
0.132653061224	0.244897959184	0.0612244897959	0.561224489796
0.30612244898	0.0612244897959	0.173469387755	0.459183673469
0.0408163265306	0.69387755102	0.19387755102	0.0714285714286
0.0	0.948979591837	0.0	0.0510204081633
0.734693877551	0.0918367346939	0.0	0.173469387755
0.0714285714286	0.0	0.0	0.928571428571
0.428571428571	0.0	0.571428571429	0.0
0.030612244898	0.0	0.969387755102	0.0
0.0816326530612	0.632653061224	0.030612244898	0.255102040816
0.918367346939	0.0204081632653	0.030612244898	0.030612244898
0.969387755102	0.0102040816327	0.0102040816327	0.0102040816327
0.0204081632653	0.918367346939	0.0102040816327	0.0510204081633
0.469387755102	0.295918367347	0.112244897959	0.122448979592
0.255102040816	0.204081632653	0.387755102041	0.15306122449
0.285714285714	0.183673469388	0.285714285714	0.244897959184
0.285714285714	0.275510204082	0.255102040816	0.183673469388

MOTIF Mo2015_EXCpos_Ctx_fold1_17.fwd
letter-probability matrix: alength= 4 w= 21 nsites= 64 E= 0
0.265625	0.203125	0.171875	0.359375
0.234375	0.21875	0.234375	0.3125
0.375	0.234375	0.109375	0.28125
0.390625	0.203125	0.140625	0.265625
0.296875	0.140625	0.1875	0.375
0.453125	0.09375	0.21875	0.234375
0.484375	0.09375	0.296875	0.125
0.84375	0.078125	0.046875	0.03125
0.75	0.0	0.03125	0.21875
0.328125	0.0	0.03125	0.640625
0.15625	0.15625	0.046875	0.640625
0.984375	0.0	0.0	0.015625
0.265625	0.03125	0.015625	0.6875
0.0	0.0	0.0	1.0
0.0	0.0	0.0	1.0
0.109375	0.09375	0.03125	0.765625
0.125	0.21875	0.078125	0.578125
0.25	0.25	0.3125	0.1875
0.1875	0.296875	0.15625	0.359375
0.234375	0.1875	0.15625	0.421875
0.171875	0.15625	0.265625	0.40625

MOTIF Mo2015_EXCpos_Ctx_fold1_18.fwd
letter-probability matrix: alength= 4 w= 21 nsites= 65 E= 0
0.384615384615	0.215384615385	0.153846153846	0.246153846154
0.323076923077	0.153846153846	0.123076923077	0.4
0.292307692308	0.2	0.123076923077	0.384615384615
0.307692307692	0.153846153846	0.169230769231	0.369230769231
0.246153846154	0.2	0.2	0.353846153846
0.292307692308	0.138461538462	0.169230769231	0.4
0.338461538462	0.0923076923077	0.184615384615	0.384615384615
0.753846153846	0.0	0.0153846153846	0.230769230769
0.0461538461538	0.0	0.0	0.953846153846
0.0153846153846	0.0	0.0	0.984615384615
0.892307692308	0.0307692307692	0.0307692307692	0.0461538461538
0.507692307692	0.0307692307692	0.0	0.461538461538
0.0	0.0	0.0	1.0
0.184615384615	0.0	0.0153846153846	0.8
0.523076923077	0.0769230769231	0.0769230769231	0.323076923077
0.276923076923	0.2	0.153846153846	0.369230769231
0.184615384615	0.215384615385	0.0615384615385	0.538461538462
0.353846153846	0.169230769231	0.153846153846	0.323076923077
0.292307692308	0.0769230769231	0.138461538462	0.492307692308
0.292307692308	0.138461538462	0.138461538462	0.430769230769
0.430769230769	0.184615384615	0.138461538462	0.246153846154

MOTIF Mo2015_EXCpos_Ctx_fold1_19.fwd
letter-probability matrix: alength= 4 w= 21 nsites= 60 E= 0
0.2	0.316666666667	0.183333333333	0.3
0.316666666667	0.15	0.25	0.283333333333
0.2	0.316666666667	0.25	0.233333333333
0.283333333333	0.166666666667	0.216666666667	0.333333333333
0.166666666667	0.483333333333	0.2	0.15
0.333333333333	0.166666666667	0.116666666667	0.383333333333
0.2	0.283333333333	0.433333333333	0.0833333333333
0.316666666667	0.116666666667	0.05	0.516666666667
0.0666666666667	0.0833333333333	0.766666666667	0.0833333333333
0.133333333333	0.616666666667	0.183333333333	0.0666666666667
0.0166666666667	0.983333333333	0.0	0.0
0.9	0.0	0.0	0.1
0.0166666666667	0.0	0.983333333333	0.0
0.116666666667	0.783333333333	0.0833333333333	0.0166666666667
0.133333333333	0.2	0.05	0.616666666667
0.15	0.0833333333333	0.4	0.366666666667
0.183333333333	0.3	0.116666666667	0.4
0.283333333333	0.3	0.116666666667	0.3
0.116666666667	0.25	0.25	0.383333333333
0.266666666667	0.233333333333	0.15	0.35
0.4	0.15	0.216666666667	0.233333333333

MOTIF Mo2015_EXCpos_Ctx_fold1_20.fwd
letter-probability matrix: alength= 4 w= 21 nsites= 46 E= 0
0.260869565217	0.217391304348	0.195652173913	0.326086956522
0.347826086957	0.217391304348	0.217391304348	0.217391304348
0.217391304348	0.239130434783	0.217391304348	0.326086956522
0.217391304348	0.369565217391	0.173913043478	0.239130434783
0.282608695652	0.130434782609	0.391304347826	0.195652173913
0.347826086957	0.173913043478	0.260869565217	0.217391304348
0.586956521739	0.152173913043	0.108695652174	0.152173913043
0.413043478261	0.173913043478	0.326086956522	0.0869565217391
0.282608695652	0.0652173913043	0.0434782608696	0.608695652174
0.0217391304348	0.0	0.586956521739	0.391304347826
0.304347826087	0.413043478261	0.152173913043	0.130434782609
0.95652173913	0.0	0.0217391304348	0.0217391304348
0.869565217391	0.0434782608696	0.0	0.0869565217391
0.891304347826	0.0	0.0	0.108695652174
0.108695652174	0.0217391304348	0.0217391304348	0.847826086957
0.0217391304348	0.152173913043	0.239130434783	0.586956521739
0.239130434783	0.108695652174	0.173913043478	0.478260869565
0.586956521739	0.0869565217391	0.152173913043	0.173913043478
0.565217391304	0.108695652174	0.152173913043	0.173913043478
0.391304347826	0.217391304348	0.173913043478	0.217391304348
0.260869565217	0.260869565217	0.108695652174	0.369565217391

MOTIF Mo2015_EXCpos_Ctx_fold1_21.fwd
letter-probability matrix: alength= 4 w= 21 nsites= 46 E= 0
0.239130434783	0.260869565217	0.130434782609	0.369565217391
0.282608695652	0.130434782609	0.195652173913	0.391304347826
0.195652173913	0.130434782609	0.369565217391	0.304347826087
0.369565217391	0.260869565217	0.173913043478	0.195652173913
0.282608695652	0.173913043478	0.195652173913	0.347826086957
0.152173913043	0.152173913043	0.217391304348	0.478260869565
0.195652173913	0.152173913043	0.304347826087	0.347826086957
0.478260869565	0.130434782609	0.173913043478	0.217391304348
1.0	0.0	0.0	0.0
1.0	0.0	0.0	0.0
0.978260869565	0.0217391304348	0.0	0.0
0.195652173913	0.0	0.0217391304348	0.782608695652
0.152173913043	0.0434782608696	0.45652173913	0.347826086957
0.326086956522	0.0869565217391	0.326086956522	0.260869565217
0.717391304348	0.0434782608696	0.130434782609	0.108695652174
0.869565217391	0.0	0.0434782608696	0.0869565217391
0.717391304348	0.108695652174	0.0434782608696	0.130434782609
0.347826086957	0.239130434783	0.130434782609	0.282608695652
0.282608695652	0.217391304348	0.195652173913	0.304347826087
0.282608695652	0.239130434783	0.173913043478	0.304347826087
0.369565217391	0.217391304348	0.108695652174	0.304347826087

MOTIF Mo2015_EXCpos_Ctx_fold1_22.fwd
letter-probability matrix: alength= 4 w= 21 nsites= 46 E= 0
0.304347826087	0.173913043478	0.152173913043	0.369565217391
0.391304347826	0.217391304348	0.217391304348	0.173913043478
0.369565217391	0.0869565217391	0.152173913043	0.391304347826
0.347826086957	0.217391304348	0.173913043478	0.260869565217
0.282608695652	0.0869565217391	0.0869565217391	0.54347826087
0.152173913043	0.195652173913	0.260869565217	0.391304347826
0.391304347826	0.0652173913043	0.0869565217391	0.45652173913
1.0	0.0	0.0	0.0
1.0	0.0	0.0	0.0
0.978260869565	0.0	0.0	0.0217391304348
0.0434782608696	0.0	0.0	0.95652173913
0.0	0.0	0.0	1.0
0.108695652174	0.173913043478	0.0217391304348	0.695652173913
0.347826086957	0.239130434783	0.130434782609	0.282608695652
0.260869565217	0.217391304348	0.173913043478	0.347826086957
0.260869565217	0.260869565217	0.152173913043	0.326086956522
0.152173913043	0.282608695652	0.195652173913	0.369565217391
0.260869565217	0.282608695652	0.0652173913043	0.391304347826
0.217391304348	0.195652173913	0.130434782609	0.45652173913
0.391304347826	0.130434782609	0.152173913043	0.326086956522
0.434782608696	0.152173913043	0.130434782609	0.282608695652

MOTIF Mo2015_EXCpos_Ctx_fold1_23.fwd
letter-probability matrix: alength= 4 w= 21 nsites= 40 E= 0
0.225	0.225	0.25	0.3
0.275	0.2	0.2	0.325
0.15	0.15	0.275	0.425
0.3	0.275	0.1	0.325
0.525	0.05	0.1	0.325
0.35	0.175	0.05	0.425
0.15	0.125	0.625	0.1
0.2	0.7	0.0	0.1
0.875	0.0	0.0	0.125
0.025	0.075	0.075	0.825
0.875	0.025	0.05	0.05
0.025	0.0	0.0	0.975
0.025	0.0	0.95	0.025
0.0	0.825	0.025	0.15
0.775	0.0	0.075	0.15
0.55	0.075	0.15	0.225
0.5	0.2	0.1	0.2
0.225	0.25	0.225	0.3
0.225	0.275	0.2	0.3
0.45	0.2	0.15	0.2
0.175	0.175	0.25	0.4

MOTIF Mo2015_EXCpos_Ctx_fold1_24.fwd
letter-probability matrix: alength= 4 w= 21 nsites= 39 E= 0
0.25641025641	0.153846153846	0.128205128205	0.461538461538
0.25641025641	0.230769230769	0.179487179487	0.333333333333
0.384615384615	0.102564102564	0.102564102564	0.410256410256
0.25641025641	0.179487179487	0.179487179487	0.384615384615
0.307692307692	0.153846153846	0.205128205128	0.333333333333
0.282051282051	0.205128205128	0.25641025641	0.25641025641
0.230769230769	0.102564102564	0.435897435897	0.230769230769
0.307692307692	0.333333333333	0.0769230769231	0.282051282051
0.0512820512821	0.0	0.0	0.948717948718
0.0	0.0	0.0512820512821	0.948717948718
0.974358974359	0.0	0.0	0.025641025641
0.0	0.0	0.0	1.0
0.025641025641	0.0	0.897435897436	0.0769230769231
0.025641025641	0.948717948718	0.0	0.025641025641
1.0	0.0	0.0	0.0
0.794871794872	0.0	0.0512820512821	0.153846153846
0.435897435897	0.0769230769231	0.282051282051	0.205128205128
0.282051282051	0.128205128205	0.102564102564	0.487179487179
0.230769230769	0.205128205128	0.307692307692	0.25641025641
0.307692307692	0.153846153846	0.230769230769	0.307692307692
0.333333333333	0.128205128205	0.205128205128	0.333333333333

MOTIF Mo2015_EXCpos_Ctx_fold1_25.fwd
letter-probability matrix: alength= 4 w= 21 nsites= 38 E= 0
0.263157894737	0.131578947368	0.342105263158	0.263157894737
0.394736842105	0.210526315789	0.210526315789	0.184210526316
0.342105263158	0.263157894737	0.263157894737	0.131578947368
0.421052631579	0.184210526316	0.184210526316	0.210526315789
0.315789473684	0.184210526316	0.184210526316	0.315789473684
0.131578947368	0.184210526316	0.289473684211	0.394736842105
0.263157894737	0.210526315789	0.368421052632	0.157894736842
0.447368421053	0.0789473684211	0.289473684211	0.184210526316
0.289473684211	0.0263157894737	0.578947368421	0.105263157895
0.105263157895	0.0	0.842105263158	0.0526315789474
0.0263157894737	0.0	0.973684210526	0.0
0.0263157894737	0.0	0.921052631579	0.0526315789474
0.0	0.0	1.0	0.0
0.0526315789474	0.0263157894737	0.210526315789	0.710526315789
0.0789473684211	0.763157894737	0.0526315789474	0.105263157895
0.5	0.0789473684211	0.131578947368	0.289473684211
0.157894736842	0.157894736842	0.289473684211	0.394736842105
0.184210526316	0.210526315789	0.236842105263	0.368421052632
0.394736842105	0.0526315789474	0.210526315789	0.342105263158
0.184210526316	0.210526315789	0.315789473684	0.289473684211
0.210526315789	0.210526315789	0.289473684211	0.289473684211

MOTIF Mo2015_EXCpos_Ctx_fold1_26.fwd
letter-probability matrix: alength= 4 w= 21 nsites= 44 E= 0
0.295454545455	0.25	0.227272727273	0.227272727273
0.318181818182	0.136363636364	0.295454545455	0.25
0.136363636364	0.295454545455	0.318181818182	0.25
0.181818181818	0.295454545455	0.204545454545	0.318181818182
0.340909090909	0.363636363636	0.0909090909091	0.204545454545
0.363636363636	0.0909090909091	0.159090909091	0.386363636364
0.0909090909091	0.0681818181818	0.75	0.0909090909091
0.0909090909091	0.840909090909	0.0227272727273	0.0454545454545
0.568181818182	0.0227272727273	0.0	0.409090909091
0.0681818181818	0.204545454545	0.659090909091	0.0681818181818
0.227272727273	0.113636363636	0.568181818182	0.0909090909091
0.0454545454545	0.909090909091	0.0454545454545	0.0
1.0	0.0	0.0	0.0
0.0	0.0	1.0	0.0
0.0227272727273	0.886363636364	0.0681818181818	0.0227272727273
0.340909090909	0.204545454545	0.0227272727273	0.431818181818
0.113636363636	0.113636363636	0.431818181818	0.340909090909
0.386363636364	0.181818181818	0.159090909091	0.272727272727
0.25	0.227272727273	0.295454545455	0.227272727273
0.295454545455	0.227272727273	0.204545454545	0.272727272727
0.204545454545	0.204545454545	0.318181818182	0.272727272727

