MEME version 4

ALPHABET= ACGT

strands: + -

Background letter frequencies (from unknown source)
A 0.250 C 0.250 G 0.250 T 0.250

MOTIF Mo2015_EXCpos_Ctx_fold4_1.fwd
letter-probability matrix: alength= 4 w= 21 nsites= 997 E= 0
0.317953861585	0.200601805416	0.180541624875	0.300902708124
0.34704112337	0.191574724173	0.186559679037	0.27482447342
0.334002006018	0.208625877633	0.186559679037	0.270812437312
0.383149448345	0.138415245737	0.142427281846	0.336008024072
0.341023069208	0.139418254764	0.334002006018	0.18555667001
0.418254764293	0.190571715145	0.174523570712	0.21664994985
0.527582748245	0.0842527582748	0.217652958877	0.170511534604
0.534603811434	0.0952858575727	0.204613841525	0.165496489468
0.526579739218	0.0932798395186	0.273821464393	0.106318956871
0.730190571715	0.0481444332999	0.162487462387	0.0591775325978
0.950852557673	0.00802407221665	0.0320962888666	0.00902708124373
0.971915747242	0.0	0.0220661985958	0.00601805416249
0.945837512538	0.0110330992979	0.0280842527583	0.0150451354062
0.730190571715	0.0601805416249	0.0942828485456	0.115346038114
0.74924774323	0.0431293881645	0.108324974925	0.099297893681
0.619859578736	0.0702106318957	0.155466399198	0.154463390171
0.667001003009	0.0822467402207	0.11334002006	0.13741223671
0.489468405216	0.130391173521	0.126379137412	0.253761283852
0.326980942828	0.187562688064	0.150451354062	0.335005015045
0.315947843531	0.217652958877	0.164493480441	0.301905717151
0.286860581745	0.173520561685	0.17853560682	0.361083249749

MOTIF Mo2015_EXCpos_Ctx_fold4_2.fwd
letter-probability matrix: alength= 4 w= 21 nsites= 916 E= 0
0.265283842795	0.260917030568	0.192139737991	0.281659388646
0.210698689956	0.304585152838	0.211790393013	0.272925764192
0.267467248908	0.266375545852	0.189956331878	0.276200873362
0.225982532751	0.322052401747	0.18231441048	0.269650655022
0.24672489083	0.286026200873	0.136462882096	0.330786026201
0.21943231441	0.28711790393	0.192139737991	0.301310043668
0.207423580786	0.639737991266	0.0524017467249	0.100436681223
0.122270742358	0.703056768559	0.0152838427948	0.159388646288
0.36135371179	0.014192139738	0.239082969432	0.385371179039
0.00545851528384	0.991266375546	0.00109170305677	0.00218340611354
0.00218340611354	0.989082969432	0.0	0.00873362445415
0.00545851528384	0.736899563319	0.00218340611354	0.255458515284
0.740174672489	0.21615720524	0.0109170305677	0.0327510917031
0.0	0.992358078603	0.00327510917031	0.00436681222707
0.518558951965	0.089519650655	0.120087336245	0.271834061135
0.0971615720524	0.490174672489	0.17576419214	0.236899563319
0.383187772926	0.21615720524	0.137554585153	0.263100436681
0.183406113537	0.305676855895	0.25	0.260917030568
0.240174672489	0.311135371179	0.148471615721	0.300218340611
0.240174672489	0.306768558952	0.2096069869	0.243449781659
0.252183406114	0.28711790393	0.200873362445	0.259825327511

MOTIF Mo2015_EXCpos_Ctx_fold4_3.fwd
letter-probability matrix: alength= 4 w= 21 nsites= 568 E= 0
0.276408450704	0.25	0.202464788732	0.271126760563
0.237676056338	0.258802816901	0.213028169014	0.290492957746
0.276408450704	0.24823943662	0.213028169014	0.262323943662
0.242957746479	0.25176056338	0.211267605634	0.294014084507
0.276408450704	0.230633802817	0.216549295775	0.276408450704
0.216549295775	0.302816901408	0.213028169014	0.267605633803
0.334507042254	0.246478873239	0.18485915493	0.234154929577
0.172535211268	0.31161971831	0.170774647887	0.345070422535
0.323943661972	0.0651408450704	0.364436619718	0.246478873239
0.0140845070423	0.94014084507	0.0352112676056	0.0105633802817
0.399647887324	0.0246478873239	0.0193661971831	0.556338028169
0.0	0.0	1.0	0.0
0.387323943662	0.0528169014085	0.0299295774648	0.529929577465
0.068661971831	0.00352112676056	0.836267605634	0.0915492957746
0.0580985915493	0.845070422535	0.0299295774648	0.0669014084507
0.353873239437	0.109154929577	0.056338028169	0.480633802817
0.176056338028	0.211267605634	0.43485915493	0.177816901408
0.30985915493	0.205985915493	0.193661971831	0.290492957746
0.25176056338	0.209507042254	0.279929577465	0.258802816901
0.272887323944	0.176056338028	0.272887323944	0.278169014085
0.288732394366	0.232394366197	0.239436619718	0.239436619718

MOTIF Mo2015_EXCpos_Ctx_fold4_4.fwd
letter-probability matrix: alength= 4 w= 21 nsites= 554 E= 0
0.249097472924	0.23285198556	0.209386281588	0.308664259928
0.234657039711	0.214801444043	0.241877256318	0.308664259928
0.279783393502	0.207581227437	0.236462093863	0.276173285199
0.268953068592	0.21119133574	0.274368231047	0.245487364621
0.306859205776	0.166064981949	0.296028880866	0.231046931408
0.314079422383	0.294223826715	0.193140794224	0.198555956679
0.287003610108	0.261732851986	0.15523465704	0.296028880866
0.247292418773	0.259927797834	0.252707581227	0.240072202166
0.207581227437	0.22202166065	0.252707581227	0.317689530686
0.166064981949	0.386281588448	0.283393501805	0.164259927798
0.194945848375	0.0126353790614	0.00180505415162	0.790613718412
0.00180505415162	0.00361010830325	0.947653429603	0.0469314079422
0.00180505415162	0.98916967509	0.00902527075812	0.0
0.0180505415162	0.913357400722	0.00361010830325	0.0649819494585
0.951263537906	0.0126353790614	0.00541516245487	0.0306859205776
0.709386281588	0.0072202166065	0.26714801444	0.0162454873646
0.305054151625	0.148014440433	0.492779783394	0.0541516245487
0.333935018051	0.146209386282	0.166064981949	0.353790613718
0.305054151625	0.20036101083	0.212996389892	0.281588447653
0.229241877256	0.305054151625	0.185920577617	0.279783393502
0.287003610108	0.184115523466	0.250902527076	0.27797833935

MOTIF Mo2015_EXCpos_Ctx_fold4_5.fwd
letter-probability matrix: alength= 4 w= 21 nsites= 522 E= 0
0.346743295019	0.17816091954	0.187739463602	0.287356321839
0.289272030651	0.206896551724	0.206896551724	0.2969348659
0.318007662835	0.187739463602	0.235632183908	0.258620689655
0.270114942529	0.2030651341	0.241379310345	0.285440613027
0.365900383142	0.134099616858	0.185823754789	0.314176245211
0.226053639847	0.149425287356	0.291187739464	0.333333333333
0.216475095785	0.431034482759	0.0977011494253	0.254789272031
0.0478927203065	0.291187739464	0.0229885057471	0.637931034483
0.620689655172	0.10153256705	0.0747126436782	0.2030651341
0.773946360153	0.0114942528736	0.103448275862	0.111111111111
0.980842911877	0.0	0.0172413793103	0.00191570881226
0.988505747126	0.0	0.0	0.0114942528736
0.980842911877	0.0	0.00383141762452	0.0153256704981
0.0459770114943	0.0153256704981	0.00766283524904	0.931034482759
0.963601532567	0.00574712643678	0.0210727969349	0.0095785440613
0.273946360153	0.0938697318008	0.538314176245	0.0938697318008
0.432950191571	0.312260536398	0.109195402299	0.145593869732
0.373563218391	0.2030651341	0.111111111111	0.312260536398
0.283524904215	0.270114942529	0.147509578544	0.298850574713
0.268199233716	0.235632183908	0.197318007663	0.298850574713
0.277777777778	0.227969348659	0.241379310345	0.252873563218

MOTIF Mo2015_EXCpos_Ctx_fold4_6.fwd
letter-probability matrix: alength= 4 w= 21 nsites= 499 E= 0
0.376753507014	0.184368737475	0.174348697395	0.264529058116
0.342685370741	0.158316633267	0.158316633267	0.340681362725
0.352705410822	0.176352705411	0.168336673347	0.302605210421
0.310621242485	0.168336673347	0.170340681363	0.350701402806
0.306613226453	0.224448897796	0.172344689379	0.296593186373
0.372745490982	0.138276553106	0.230460921844	0.258517034068
0.27254509018	0.258517034068	0.198396793587	0.270541082164
0.38877755511	0.142284569138	0.124248496994	0.344689378758
0.196392785571	0.0821643286573	0.0581162324649	0.663326653307
0.0801603206413	0.0841683366733	0.0220440881764	0.813627254509
0.0741482965932	0.0581162324649	0.0380761523046	0.829659318637
0.260521042084	0.118236472946	0.166332665331	0.454909819639
0.88376753507	0.0100200400802	0.0400801603206	0.0661322645291
0.983967935872	0.00200400801603	0.00400801603206	0.0100200400802
0.947895791583	0.0	0.00801603206413	0.0440881763527
0.585170340681	0.0240480961924	0.0400801603206	0.350701402806
0.376753507014	0.120240480962	0.220440881764	0.282565130261
0.527054108216	0.120240480962	0.138276553106	0.214428857715
0.432865731463	0.130260521042	0.180360721443	0.256513026052
0.460921843687	0.140280561122	0.164328657315	0.234468937876
0.370741482966	0.194388777555	0.150300601202	0.284569138277

MOTIF Mo2015_EXCpos_Ctx_fold4_7.fwd
letter-probability matrix: alength= 4 w= 21 nsites= 479 E= 0
0.273486430063	0.269311064718	0.219206680585	0.237995824635
0.275574112735	0.294363256785	0.185803757829	0.244258872651
0.319415448852	0.240083507307	0.204592901879	0.235908141962
0.302713987474	0.229645093946	0.229645093946	0.237995824635
0.263048016701	0.248434237996	0.154488517745	0.334029227557
0.365344467641	0.144050104384	0.290187891441	0.200417536534
0.106471816284	0.749478079332	0.127348643006	0.0167014613779
0.0375782881002	0.960334029228	0.0	0.00208768267223
0.937369519833	0.00208768267223	0.00417536534447	0.0563674321503
0.0104384133612	0.0	0.0709812108559	0.918580375783
0.273486430063	0.716075156576	0.0104384133612	0.0
0.0	0.0	0.0	1.0
0.0	0.0	1.0	0.0
0.0146137787056	0.281837160752	0.227557411273	0.475991649269
0.146137787056	0.229645093946	0.118997912317	0.505219206681
0.227557411273	0.302713987474	0.17745302714	0.292275574113
0.206680584551	0.315240083507	0.171189979123	0.306889352818
0.210855949896	0.244258872651	0.25260960334	0.292275574113
0.265135699374	0.231732776618	0.206680584551	0.296450939457
0.242171189979	0.235908141962	0.240083507307	0.281837160752
0.302713987474	0.269311064718	0.194154488518	0.23382045929

MOTIF Mo2015_EXCpos_Ctx_fold4_8.fwd
letter-probability matrix: alength= 4 w= 21 nsites= 362 E= 0
0.32044198895	0.198895027624	0.243093922652	0.237569060773
0.273480662983	0.279005524862	0.198895027624	0.24861878453
0.262430939227	0.25138121547	0.207182320442	0.279005524862
0.270718232044	0.218232044199	0.24861878453	0.262430939227
0.309392265193	0.223756906077	0.223756906077	0.243093922652
0.350828729282	0.223756906077	0.243093922652	0.182320441989
0.295580110497	0.185082872928	0.312154696133	0.207182320442
0.28453038674	0.182320441989	0.337016574586	0.196132596685
0.240331491713	0.157458563536	0.353591160221	0.24861878453
0.618784530387	0.185082872928	0.174033149171	0.0220994475138
0.0	0.0	0.00276243093923	0.997237569061
0.00276243093923	0.0	0.930939226519	0.0662983425414
0.997237569061	0.0	0.0	0.00276243093923
0.113259668508	0.237569060773	0.549723756906	0.0994475138122
0.0	0.0	0.0	1.0
0.0939226519337	0.903314917127	0.0	0.00276243093923
0.988950276243	0.00276243093923	0.00552486187845	0.00276243093923
0.0966850828729	0.331491712707	0.309392265193	0.262430939227
0.339779005525	0.262430939227	0.151933701657	0.245856353591
0.276243093923	0.193370165746	0.267955801105	0.262430939227
0.254143646409	0.220994475138	0.259668508287	0.265193370166

MOTIF Mo2015_EXCpos_Ctx_fold4_9.fwd
letter-probability matrix: alength= 4 w= 21 nsites= 335 E= 0
0.229850746269	0.229850746269	0.271641791045	0.268656716418
0.298507462687	0.280597014925	0.208955223881	0.211940298507
0.313432835821	0.202985074627	0.208955223881	0.274626865672
0.244776119403	0.232835820896	0.292537313433	0.229850746269
0.289552238806	0.265671641791	0.164179104478	0.280597014925
0.280597014925	0.182089552239	0.205970149254	0.331343283582
0.25671641791	0.185074626866	0.328358208955	0.229850746269
0.241791044776	0.25671641791	0.188059701493	0.313432835821
0.229850746269	0.155223880597	0.370149253731	0.244776119403
0.24776119403	0.462686567164	0.158208955224	0.131343283582
0.474626865672	0.164179104478	0.125373134328	0.235820895522
0.35223880597	0.116417910448	0.322388059701	0.208955223881
0.188059701493	0.065671641791	0.620895522388	0.125373134328
0.0268656716418	0.95223880597	0.00597014925373	0.0149253731343
0.602985074627	0.0089552238806	0.0149253731343	0.373134328358
0.0089552238806	0.00597014925373	0.973134328358	0.0119402985075
0.0477611940299	0.859701492537	0.0089552238806	0.0835820895522
0.277611940299	0.0746268656716	0.0298507462687	0.617910447761
0.113432835821	0.0865671641791	0.483582089552	0.316417910448
0.116417910448	0.328358208955	0.283582089552	0.271641791045
0.262686567164	0.208955223881	0.173134328358	0.355223880597

MOTIF Mo2015_EXCpos_Ctx_fold4_10.fwd
letter-probability matrix: alength= 4 w= 21 nsites= 270 E= 0
0.285185185185	0.237037037037	0.211111111111	0.266666666667
0.255555555556	0.262962962963	0.244444444444	0.237037037037
0.274074074074	0.277777777778	0.2	0.248148148148
0.285185185185	0.225925925926	0.192592592593	0.296296296296
0.281481481481	0.196296296296	0.251851851852	0.27037037037
0.277777777778	0.277777777778	0.177777777778	0.266666666667
0.274074074074	0.203703703704	0.192592592593	0.32962962963
0.177777777778	0.22962962963	0.292592592593	0.3
0.251851851852	0.292592592593	0.259259259259	0.196296296296
0.203703703704	0.540740740741	0.151851851852	0.103703703704
0.551851851852	0.0592592592593	0.0444444444444	0.344444444444
0.0259259259259	0.0259259259259	0.892592592593	0.0555555555556
0.1	0.788888888889	0.0333333333333	0.0777777777778
0.218518518519	0.696296296296	0.0148148148148	0.0703703703704
0.544444444444	0.00740740740741	0.0333333333333	0.414814814815
0.0148148148148	0.0037037037037	0.962962962963	0.0185185185185
0.0296296296296	0.87037037037	0.0296296296296	0.0703703703704
0.22962962963	0.133333333333	0.0740740740741	0.562962962963
0.181481481481	0.148148148148	0.381481481481	0.288888888889
0.177777777778	0.262962962963	0.333333333333	0.225925925926
0.292592592593	0.248148148148	0.174074074074	0.285185185185

MOTIF Mo2015_EXCpos_Ctx_fold4_11.fwd
letter-probability matrix: alength= 4 w= 21 nsites= 234 E= 0
0.200854700855	0.350427350427	0.235042735043	0.213675213675
0.183760683761	0.273504273504	0.260683760684	0.282051282051
0.192307692308	0.273504273504	0.294871794872	0.239316239316
0.217948717949	0.264957264957	0.316239316239	0.200854700855
0.264957264957	0.350427350427	0.230769230769	0.153846153846
0.307692307692	0.277777777778	0.175213675214	0.239316239316
0.230769230769	0.213675213675	0.423076923077	0.132478632479
0.025641025641	0.940170940171	0.0042735042735	0.0299145299145
0.0128205128205	0.0	0.982905982906	0.0042735042735
0.0213675213675	0.863247863248	0.0213675213675	0.0940170940171
0.166666666667	0.128205128205	0.371794871795	0.333333333333
0.0811965811966	0.226495726496	0.380341880342	0.311965811966
0.162393162393	0.380341880342	0.32905982906	0.128205128205
0.132478632479	0.444444444444	0.213675213675	0.209401709402
0.0641025641026	0.188034188034	0.589743589744	0.15811965812
0.175213675214	0.491452991453	0.175213675214	0.15811965812
0.290598290598	0.209401709402	0.320512820513	0.179487179487
0.205128205128	0.260683760684	0.324786324786	0.209401709402
0.213675213675	0.286324786325	0.239316239316	0.260683760684
0.192307692308	0.290598290598	0.32905982906	0.188034188034
0.226495726496	0.269230769231	0.277777777778	0.226495726496

MOTIF Mo2015_EXCpos_Ctx_fold4_12.fwd
letter-probability matrix: alength= 4 w= 21 nsites= 202 E= 0
0.163366336634	0.445544554455	0.153465346535	0.237623762376
0.193069306931	0.39603960396	0.148514851485	0.262376237624
0.242574257426	0.410891089109	0.123762376238	0.222772277228
0.168316831683	0.475247524752	0.138613861386	0.217821782178
0.178217821782	0.460396039604	0.0990099009901	0.262376237624
0.158415841584	0.366336633663	0.257425742574	0.217821782178
0.0990099009901	0.792079207921	0.019801980198	0.0891089108911
0.0594059405941	0.712871287129	0.0693069306931	0.158415841584
0.0792079207921	0.559405940594	0.108910891089	0.252475247525
0.0247524752475	0.920792079208	0.0148514851485	0.039603960396
0.0	0.985148514851	0.0049504950495	0.00990099009901
0.128712871287	0.287128712871	0.0544554455446	0.529702970297
0.0247524752475	0.851485148515	0.019801980198	0.10396039604
0.0445544554455	0.782178217822	0.0594059405941	0.113861386139
0.0891089108911	0.539603960396	0.0742574257426	0.29702970297
0.113861386139	0.5	0.173267326733	0.212871287129
0.158415841584	0.584158415842	0.0940594059406	0.163366336634
0.242574257426	0.346534653465	0.19801980198	0.212871287129
0.183168316832	0.356435643564	0.227722772277	0.232673267327
0.212871287129	0.371287128713	0.217821782178	0.19801980198
0.168316831683	0.39603960396	0.212871287129	0.222772277228

MOTIF Mo2015_EXCpos_Ctx_fold4_13.fwd
letter-probability matrix: alength= 4 w= 21 nsites= 184 E= 0
0.233695652174	0.260869565217	0.201086956522	0.304347826087
0.260869565217	0.244565217391	0.190217391304	0.304347826087
0.304347826087	0.211956521739	0.173913043478	0.309782608696
0.277173913043	0.222826086957	0.217391304348	0.282608695652
0.298913043478	0.277173913043	0.146739130435	0.277173913043
0.228260869565	0.244565217391	0.184782608696	0.342391304348
0.201086956522	0.282608695652	0.152173913043	0.364130434783
0.195652173913	0.298913043478	0.103260869565	0.402173913043
0.304347826087	0.163043478261	0.20652173913	0.326086956522
0.0	0.983695652174	0.0054347826087	0.0108695652174
0.445652173913	0.0597826086957	0.0489130434783	0.445652173913
0.0	0.961956521739	0.0271739130435	0.0108695652174
0.375	0.0815217391304	0.0163043478261	0.527173913043
0.0597826086957	0.771739130435	0.0652173913043	0.103260869565
0.146739130435	0.0217391304348	0.0434782608696	0.788043478261
0.0380434782609	0.0652173913043	0.766304347826	0.130434782609
0.0326086956522	0.777173913043	0.0489130434783	0.141304347826
0.364130434783	0.146739130435	0.0434782608696	0.445652173913
0.201086956522	0.20652173913	0.326086956522	0.266304347826
0.309782608696	0.288043478261	0.16847826087	0.233695652174
0.342391304348	0.244565217391	0.217391304348	0.195652173913

MOTIF Mo2015_EXCpos_Ctx_fold4_14.fwd
letter-probability matrix: alength= 4 w= 21 nsites= 155 E= 0
0.270967741935	0.212903225806	0.18064516129	0.335483870968
0.303225806452	0.367741935484	0.154838709677	0.174193548387
0.122580645161	0.206451612903	0.206451612903	0.464516129032
0.406451612903	0.0903225806452	0.38064516129	0.122580645161
0.0903225806452	0.374193548387	0.406451612903	0.129032258065
0.0258064516129	0.367741935484	0.0193548387097	0.587096774194
0.058064516129	0.0193548387097	0.748387096774	0.174193548387
0.0516129032258	0.903225806452	0.0193548387097	0.0258064516129
0.0	0.987096774194	0.0	0.0129032258065
0.432258064516	0.516129032258	0.0258064516129	0.0258064516129
0.00645161290323	0.483870967742	0.00645161290323	0.503225806452
0.0	1.0	0.0	0.0
0.0322580645161	0.0193548387097	0.0129032258065	0.935483870968
0.470967741935	0.00645161290323	0.277419354839	0.245161290323
0.0193548387097	0.21935483871	0.722580645161	0.0387096774194
0.0709677419355	0.0645161290323	0.0129032258065	0.851612903226
0.0	0.0	1.0	0.0
0.058064516129	0.0322580645161	0.851612903226	0.058064516129
0.135483870968	0.451612903226	0.058064516129	0.354838709677
0.283870967742	0.316129032258	0.167741935484	0.232258064516
0.464516129032	0.0709677419355	0.290322580645	0.174193548387

MOTIF Mo2015_EXCpos_Ctx_fold4_15.fwd
letter-probability matrix: alength= 4 w= 21 nsites= 116 E= 0
0.26724137931	0.275862068966	0.206896551724	0.25
0.344827586207	0.206896551724	0.163793103448	0.284482758621
0.23275862069	0.318965517241	0.181034482759	0.26724137931
0.224137931034	0.241379310345	0.258620689655	0.275862068966
0.26724137931	0.293103448276	0.25	0.189655172414
0.258620689655	0.25	0.26724137931	0.224137931034
0.215517241379	0.327586206897	0.25	0.206896551724
0.258620689655	0.198275862069	0.155172413793	0.387931034483
0.293103448276	0.336206896552	0.129310344828	0.241379310345
0.215517241379	0.051724137931	0.163793103448	0.568965517241
0.362068965517	0.163793103448	0.0344827586207	0.439655172414
0.0344827586207	0.922413793103	0.00862068965517	0.0344827586207
0.336206896552	0.0344827586207	0.00862068965517	0.620689655172
0.0689655172414	0.715517241379	0.112068965517	0.103448275862
0.362068965517	0.0431034482759	0.0431034482759	0.551724137931
0.0431034482759	0.00862068965517	0.913793103448	0.0344827586207
0.0258620689655	0.931034482759	0.00862068965517	0.0344827586207
0.474137931034	0.0431034482759	0.00862068965517	0.474137931034
0.0775862068966	0.344827586207	0.370689655172	0.206896551724
0.344827586207	0.181034482759	0.137931034483	0.336206896552
0.293103448276	0.318965517241	0.215517241379	0.172413793103

MOTIF Mo2015_EXCpos_Ctx_fold4_16.fwd
letter-probability matrix: alength= 4 w= 21 nsites= 110 E= 0
0.327272727273	0.136363636364	0.209090909091	0.327272727273
0.345454545455	0.172727272727	0.181818181818	0.3
0.254545454545	0.154545454545	0.2	0.390909090909
0.345454545455	0.190909090909	0.218181818182	0.245454545455
0.3	0.181818181818	0.190909090909	0.327272727273
0.290909090909	0.190909090909	0.245454545455	0.272727272727
0.0	0.0	0.0	1.0
0.0	0.0	0.0	1.0
0.990909090909	0.0	0.0	0.00909090909091
0.0	0.0181818181818	0.0	0.981818181818
0.218181818182	0.0	0.781818181818	0.0
0.0363636363636	0.2	0.0	0.763636363636
1.0	0.0	0.0	0.0
1.0	0.0	0.0	0.0
0.227272727273	0.272727272727	0.2	0.3
0.309090909091	0.190909090909	0.190909090909	0.309090909091
0.327272727273	0.227272727273	0.245454545455	0.2
0.318181818182	0.136363636364	0.181818181818	0.363636363636
0.281818181818	0.190909090909	0.190909090909	0.336363636364
0.336363636364	0.154545454545	0.136363636364	0.372727272727
0.263636363636	0.2	0.181818181818	0.354545454545

MOTIF Mo2015_EXCpos_Ctx_fold4_17.fwd
letter-probability matrix: alength= 4 w= 21 nsites= 109 E= 0
0.311926605505	0.211009174312	0.247706422018	0.229357798165
0.302752293578	0.275229357798	0.183486238532	0.238532110092
0.293577981651	0.220183486239	0.155963302752	0.330275229358
0.284403669725	0.174311926606	0.119266055046	0.422018348624
0.174311926606	0.293577981651	0.201834862385	0.330275229358
0.256880733945	0.256880733945	0.155963302752	0.330275229358
0.256880733945	0.183486238532	0.201834862385	0.357798165138
0.706422018349	0.0642201834862	0.174311926606	0.0550458715596
0.798165137615	0.0733944954128	0.045871559633	0.0825688073394
0.706422018349	0.0	0.00917431192661	0.284403669725
0.0550458715596	0.00917431192661	0.0550458715596	0.880733944954
0.412844036697	0.302752293578	0.229357798165	0.0550458715596
0.119266055046	0.0	0.0183486238532	0.862385321101
0.00917431192661	0.0	0.660550458716	0.330275229358
0.045871559633	0.798165137615	0.0642201834862	0.0917431192661
0.56880733945	0.100917431193	0.0642201834862	0.266055045872
0.229357798165	0.119266055046	0.137614678899	0.51376146789
0.266055045872	0.192660550459	0.229357798165	0.311926605505
0.256880733945	0.165137614679	0.192660550459	0.385321100917
0.183486238532	0.302752293578	0.238532110092	0.275229357798
0.302752293578	0.220183486239	0.174311926606	0.302752293578

MOTIF Mo2015_EXCpos_Ctx_fold4_18.fwd
letter-probability matrix: alength= 4 w= 21 nsites= 107 E= 0
0.261682242991	0.271028037383	0.196261682243	0.271028037383
0.224299065421	0.289719626168	0.214953271028	0.271028037383
0.327102803738	0.242990654206	0.18691588785	0.242990654206
0.224299065421	0.0841121495327	0.579439252336	0.11214953271
0.11214953271	0.0654205607477	0.214953271028	0.607476635514
0.177570093458	0.317757009346	0.0280373831776	0.476635514019
0.336448598131	0.0841121495327	0.121495327103	0.457943925234
0.0560747663551	0.710280373832	0.11214953271	0.121495327103
0.00934579439252	0.934579439252	0.0	0.0560747663551
0.644859813084	0.11214953271	0.00934579439252	0.233644859813
0.0841121495327	0.018691588785	0.0	0.897196261682
0.420560747664	0.0	0.579439252336	0.0
0.00934579439252	0.0	0.990654205607	0.0
0.168224299065	0.766355140187	0.0	0.0654205607477
0.953271028037	0.0	0.018691588785	0.0280373831776
0.971962616822	0.0	0.00934579439252	0.018691588785
0.0	0.990654205607	0.00934579439252	0.0
0.383177570093	0.355140186916	0.102803738318	0.158878504673
0.317757009346	0.158878504673	0.373831775701	0.14953271028
0.261682242991	0.308411214953	0.205607476636	0.224299065421
0.383177570093	0.224299065421	0.158878504673	0.233644859813

MOTIF Mo2015_EXCpos_Ctx_fold4_19.fwd
letter-probability matrix: alength= 4 w= 21 nsites= 99 E= 0
0.191919191919	0.292929292929	0.191919191919	0.323232323232
0.292929292929	0.232323232323	0.212121212121	0.262626262626
0.333333333333	0.191919191919	0.232323232323	0.242424242424
0.363636363636	0.181818181818	0.151515151515	0.30303030303
0.313131313131	0.0707070707071	0.313131313131	0.30303030303
0.181818181818	0.141414141414	0.363636363636	0.313131313131
0.151515151515	0.616161616162	0.0808080808081	0.151515151515
0.020202020202	0.161616161616	0.0	0.818181818182
0.929292929293	0.020202020202	0.010101010101	0.040404040404
0.636363636364	0.020202020202	0.020202020202	0.323232323232
0.909090909091	0.020202020202	0.020202020202	0.0505050505051
0.383838383838	0.040404040404	0.040404040404	0.535353535354
0.555555555556	0.030303030303	0.030303030303	0.383838383838
0.020202020202	0.0	0.010101010101	0.969696969697
0.959595959596	0.0	0.040404040404	0.0
0.0909090909091	0.0505050505051	0.828282828283	0.030303030303
0.464646464646	0.343434343434	0.0606060606061	0.131313131313
0.444444444444	0.10101010101	0.111111111111	0.343434343434
0.282828282828	0.242424242424	0.20202020202	0.272727272727
0.232323232323	0.292929292929	0.171717171717	0.30303030303
0.222222222222	0.232323232323	0.242424242424	0.30303030303

MOTIF Mo2015_EXCpos_Ctx_fold4_20.fwd
letter-probability matrix: alength= 4 w= 21 nsites= 88 E= 0
0.238636363636	0.238636363636	0.261363636364	0.261363636364
0.272727272727	0.25	0.261363636364	0.215909090909
0.261363636364	0.193181818182	0.181818181818	0.363636363636
0.261363636364	0.227272727273	0.25	0.261363636364
0.306818181818	0.25	0.204545454545	0.238636363636
0.261363636364	0.227272727273	0.204545454545	0.306818181818
0.181818181818	0.261363636364	0.375	0.181818181818
0.193181818182	0.386363636364	0.215909090909	0.204545454545
0.329545454545	0.386363636364	0.136363636364	0.147727272727
0.409090909091	0.0681818181818	0.215909090909	0.306818181818
0.0	0.0	0.988636363636	0.0113636363636
0.0113636363636	0.977272727273	0.0113636363636	0.0
0.170454545455	0.0681818181818	0.0681818181818	0.693181818182
0.238636363636	0.488636363636	0.0568181818182	0.215909090909
0.193181818182	0.0795454545455	0.0681818181818	0.659090909091
0.0568181818182	0.0227272727273	0.829545454545	0.0909090909091
0.0	0.988636363636	0.0113636363636	0.0
0.261363636364	0.0795454545455	0.0113636363636	0.647727272727
0.204545454545	0.306818181818	0.329545454545	0.159090909091
0.25	0.204545454545	0.136363636364	0.409090909091
0.193181818182	0.25	0.386363636364	0.170454545455

MOTIF Mo2015_EXCpos_Ctx_fold4_21.fwd
letter-probability matrix: alength= 4 w= 21 nsites= 105 E= 0
0.247619047619	0.219047619048	0.266666666667	0.266666666667
0.247619047619	0.180952380952	0.228571428571	0.342857142857
0.257142857143	0.228571428571	0.285714285714	0.228571428571
0.171428571429	0.342857142857	0.152380952381	0.333333333333
0.295238095238	0.171428571429	0.32380952381	0.209523809524
0.390476190476	0.342857142857	0.142857142857	0.12380952381
0.638095238095	0.180952380952	0.0190476190476	0.161904761905
0.0190476190476	0.00952380952381	0.00952380952381	0.961904761905
0.104761904762	0.0666666666667	0.0190476190476	0.809523809524
0.0666666666667	0.0190476190476	0.0	0.914285714286
0.047619047619	0.0380952380952	0.895238095238	0.0190476190476
0.0	1.0	0.0	0.0
0.895238095238	0.0	0.0	0.104761904762
0.133333333333	0.0190476190476	0.0952380952381	0.752380952381
0.361904761905	0.0571428571429	0.152380952381	0.428571428571
0.238095238095	0.152380952381	0.161904761905	0.447619047619
0.219047619048	0.457142857143	0.142857142857	0.180952380952
0.257142857143	0.2	0.209523809524	0.333333333333
0.352380952381	0.2	0.209523809524	0.238095238095
0.32380952381	0.152380952381	0.180952380952	0.342857142857
0.257142857143	0.219047619048	0.266666666667	0.257142857143

MOTIF Mo2015_EXCpos_Ctx_fold4_22.fwd
letter-probability matrix: alength= 4 w= 21 nsites= 79 E= 0
0.151898734177	0.151898734177	0.417721518987	0.278481012658
0.26582278481	0.227848101266	0.227848101266	0.278481012658
0.20253164557	0.177215189873	0.367088607595	0.253164556962
0.354430379747	0.164556962025	0.126582278481	0.354430379747
0.139240506329	0.177215189873	0.417721518987	0.26582278481
0.582278481013	0.0632911392405	0.26582278481	0.0886075949367
0.962025316456	0.0	0.0253164556962	0.0126582278481
0.924050632911	0.0	0.0506329113924	0.0253164556962
0.949367088608	0.0	0.0	0.0506329113924
0.0253164556962	0.0	0.0	0.974683544304
0.0	0.0	0.962025316456	0.0379746835443
0.0253164556962	0.886075949367	0.0	0.0886075949367
0.430379746835	0.0632911392405	0.0886075949367	0.417721518987
0.341772151899	0.151898734177	0.189873417722	0.316455696203
0.46835443038	0.0632911392405	0.177215189873	0.291139240506
0.253164556962	0.291139240506	0.227848101266	0.227848101266
0.316455696203	0.291139240506	0.126582278481	0.26582278481
0.26582278481	0.164556962025	0.316455696203	0.253164556962
0.303797468354	0.151898734177	0.253164556962	0.291139240506
0.26582278481	0.227848101266	0.177215189873	0.329113924051
0.291139240506	0.291139240506	0.164556962025	0.253164556962

MOTIF Mo2015_EXCpos_Ctx_fold4_23.fwd
letter-probability matrix: alength= 4 w= 21 nsites= 71 E= 0
0.0140845070423	0.0	0.985915492958	0.0
0.056338028169	0.0	0.0	0.943661971831
0.0	0.0	1.0	0.0
0.0	0.0	0.0281690140845	0.971830985915
0.0422535211268	0.0281690140845	0.929577464789	0.0
0.0	0.0	0.0	1.0
0.0140845070423	0.0	0.971830985915	0.0140845070423
0.0422535211268	0.0	0.0	0.957746478873
0.0	0.0	1.0	0.0
0.0281690140845	0.0	0.0140845070423	0.957746478873
0.0140845070423	0.0	0.985915492958	0.0
0.0422535211268	0.0140845070423	0.0	0.943661971831
0.0422535211268	0.0	0.957746478873	0.0
0.0140845070423	0.0140845070423	0.0140845070423	0.957746478873
0.0140845070423	0.0	0.957746478873	0.0281690140845
0.0140845070423	0.0422535211268	0.0140845070423	0.929577464789
0.0140845070423	0.0	0.957746478873	0.0281690140845
0.0422535211268	0.0140845070423	0.0140845070423	0.929577464789
0.0281690140845	0.0	0.957746478873	0.0140845070423
0.0140845070423	0.0281690140845	0.0140845070423	0.943661971831
0.0281690140845	0.0140845070423	0.915492957746	0.0422535211268

MOTIF Mo2015_EXCpos_Ctx_fold4_24.fwd
letter-probability matrix: alength= 4 w= 21 nsites= 52 E= 0
0.346153846154	0.230769230769	0.269230769231	0.153846153846
0.326923076923	0.25	0.211538461538	0.211538461538
0.326923076923	0.211538461538	0.288461538462	0.173076923077
0.384615384615	0.192307692308	0.211538461538	0.211538461538
0.307692307692	0.269230769231	0.134615384615	0.288461538462
0.230769230769	0.0961538461538	0.115384615385	0.557692307692
0.0	0.0192307692308	0.769230769231	0.211538461538
0.0	1.0	0.0	0.0
0.0576923076923	0.0961538461538	0.0	0.846153846154
0.942307692308	0.0	0.0192307692308	0.0384615384615
0.980769230769	0.0	0.0	0.0192307692308
1.0	0.0	0.0	0.0
0.673076923077	0.0	0.0384615384615	0.288461538462
0.211538461538	0.0192307692308	0.0576923076923	0.711538461538
0.192307692308	0.115384615385	0.0576923076923	0.634615384615
0.576923076923	0.115384615385	0.269230769231	0.0384615384615
0.288461538462	0.134615384615	0.346153846154	0.230769230769
0.423076923077	0.173076923077	0.134615384615	0.269230769231
0.269230769231	0.230769230769	0.153846153846	0.346153846154
0.25	0.192307692308	0.153846153846	0.403846153846
0.288461538462	0.173076923077	0.288461538462	0.25

MOTIF Mo2015_EXCpos_Ctx_fold4_25.fwd
letter-probability matrix: alength= 4 w= 21 nsites= 42 E= 0
0.261904761905	0.166666666667	0.238095238095	0.333333333333
0.238095238095	0.261904761905	0.214285714286	0.285714285714
0.214285714286	0.214285714286	0.142857142857	0.428571428571
0.285714285714	0.214285714286	0.261904761905	0.238095238095
0.119047619048	0.214285714286	0.333333333333	0.333333333333
0.261904761905	0.285714285714	0.0952380952381	0.357142857143
0.142857142857	0.309523809524	0.190476190476	0.357142857143
0.166666666667	0.166666666667	0.214285714286	0.452380952381
0.952380952381	0.0	0.0238095238095	0.0238095238095
0.97619047619	0.0238095238095	0.0	0.0
0.595238095238	0.0	0.0	0.404761904762
0.047619047619	0.0238095238095	0.0	0.928571428571
0.0	0.0	0.0	1.0
0.833333333333	0.0	0.0952380952381	0.0714285714286
0.0	0.0	1.0	0.0
0.119047619048	0.690476190476	0.0714285714286	0.119047619048
0.595238095238	0.047619047619	0.0238095238095	0.333333333333
0.166666666667	0.261904761905	0.142857142857	0.428571428571
0.357142857143	0.142857142857	0.214285714286	0.285714285714
0.238095238095	0.166666666667	0.309523809524	0.285714285714
0.119047619048	0.285714285714	0.309523809524	0.285714285714

