MEME version 4

ALPHABET= ACGT

strands: + -

Background letter frequencies (from unknown source)
A 0.250 C 0.250 G 0.250 T 0.250

MOTIF Mo2015_EXCpos_Ctx_fold3_1.fwd
letter-probability matrix: alength= 4 w= 21 nsites= 1293 E= 0
0.283062645012	0.204176334107	0.252900232019	0.259860788863
0.248259860789	0.193348801237	0.329466357309	0.228924980665
0.270688321732	0.184068058778	0.291569992266	0.253673627224
0.249806651199	0.190255220418	0.328692962104	0.23124516628
0.279969064192	0.184068058778	0.274555297757	0.261407579273
0.252900232019	0.206496519722	0.331786542923	0.208816705336
0.227378190255	0.131477184841	0.277648878577	0.363495746326
0.211136890951	0.165506573859	0.526682134571	0.0966744006187
0.287703016241	0.152358855375	0.127610208817	0.432327919567
0.0131477184841	0.0077339520495	0.976798143852	0.00232018561485
0.0657385924207	0.0502706883217	0.22351121423	0.660479505027
0.216550657386	0.0061871616396	0.757153905646	0.0201082753287
0.0224284609435	0.0332559938128	0.902552204176	0.0417633410673
0.0139211136891	0.0077339520495	0.975251353442	0.0030935808198
0.368136117556	0.240525908739	0.046403712297	0.344934261408
0.139211136891	0.0417633410673	0.686774941995	0.132250580046
0.110595514308	0.0742459396752	0.582366589327	0.23279195669
0.293116782676	0.161639597834	0.333333333333	0.211910286156
0.30007733952	0.138437741686	0.30162412993	0.259860788863
0.243619489559	0.175560711524	0.347254447022	0.233565351895
0.249033255994	0.178654292343	0.288476411446	0.283836040217

MOTIF Mo2015_EXCpos_Ctx_fold3_2.fwd
letter-probability matrix: alength= 4 w= 21 nsites= 1070 E= 0
0.245794392523	0.251401869159	0.234579439252	0.268224299065
0.267289719626	0.267289719626	0.242056074766	0.223364485981
0.310280373832	0.203738317757	0.204672897196	0.281308411215
0.232710280374	0.216822429907	0.297196261682	0.253271028037
0.243925233645	0.28785046729	0.241121495327	0.227102803738
0.394392523364	0.219626168224	0.140186915888	0.245794392523
0.251401869159	0.153271028037	0.332710280374	0.26261682243
0.201869158879	0.178504672897	0.480373831776	0.139252336449
0.0542056074766	0.890654205607	0.0271028037383	0.0280373831776
0.852336448598	0.00654205607477	0.0168224299065	0.124299065421
0.00467289719626	0.00560747663551	0.971962616822	0.0177570093458
0.0953271028037	0.843925233645	0.0130841121495	0.0476635514019
0.342056074766	0.184112149533	0.0822429906542	0.391588785047
0.153271028037	0.147663551402	0.324299065421	0.37476635514
0.169158878505	0.190654205607	0.459813084112	0.180373831776
0.210280373832	0.315887850467	0.207476635514	0.266355140187
0.254205607477	0.197196261682	0.259813084112	0.288785046729
0.267289719626	0.247663551402	0.221495327103	0.263551401869
0.243925233645	0.209345794393	0.227102803738	0.319626168224
0.257943925234	0.239252336449	0.269158878505	0.233644859813
0.276635514019	0.222429906542	0.243925233645	0.257009345794

MOTIF Mo2015_EXCpos_Ctx_fold3_3.fwd
letter-probability matrix: alength= 4 w= 21 nsites= 858 E= 0
0.324009324009	0.179487179487	0.207459207459	0.289044289044
0.332167832168	0.171328671329	0.184149184149	0.312354312354
0.284382284382	0.17365967366	0.214452214452	0.327505827506
0.353146853147	0.174825174825	0.202797202797	0.269230769231
0.322843822844	0.195804195804	0.234265734266	0.247086247086
0.358974358974	0.178321678322	0.201631701632	0.261072261072
0.470862470862	0.113053613054	0.215617715618	0.200466200466
0.456876456876	0.0909090909091	0.289044289044	0.16317016317
0.496503496503	0.0722610722611	0.298368298368	0.132867132867
0.614219114219	0.048951048951	0.24358974359	0.0932400932401
0.807692307692	0.027972027972	0.115384615385	0.048951048951
0.776223776224	0.0174825174825	0.13986013986	0.0664335664336
0.835664335664	0.0128205128205	0.109557109557	0.041958041958
0.890442890443	0.0198135198135	0.0687645687646	0.020979020979
0.963869463869	0.0034965034965	0.0291375291375	0.0034965034965
0.888111888112	0.0361305361305	0.0314685314685	0.044289044289
0.904428904429	0.0314685314685	0.030303030303	0.0337995337995
0.227272727273	0.0944055944056	0.213286713287	0.465034965035
0.321678321678	0.179487179487	0.332167832168	0.166666666667
0.386946386946	0.199300699301	0.141025641026	0.272727272727
0.361305361305	0.206293706294	0.216783216783	0.215617715618

MOTIF Mo2015_EXCpos_Ctx_fold3_4.fwd
letter-probability matrix: alength= 4 w= 21 nsites= 708 E= 0
0.302259887006	0.216101694915	0.185028248588	0.296610169492
0.281073446328	0.206214689266	0.238700564972	0.274011299435
0.251412429379	0.196327683616	0.30790960452	0.244350282486
0.276836158192	0.158192090395	0.300847457627	0.264124293785
0.305084745763	0.274011299435	0.223163841808	0.197740112994
0.330508474576	0.194915254237	0.155367231638	0.319209039548
0.218926553672	0.266949152542	0.285310734463	0.228813559322
0.169491525424	0.25988700565	0.247175141243	0.323446327684
0.170903954802	0.418079096045	0.194915254237	0.216101694915
0.16384180791	0.00423728813559	0.00847457627119	0.823446327684
0.00706214689266	0.00706214689266	0.911016949153	0.0748587570621
0.00423728813559	0.983050847458	0.00706214689266	0.00564971751412
0.0353107344633	0.906779661017	0.00423728813559	0.0536723163842
0.943502824859	0.0155367231638	0.00847457627119	0.0324858757062
0.661016949153	0.00847457627119	0.310734463277	0.0197740112994
0.341807909605	0.158192090395	0.401129943503	0.0988700564972
0.405367231638	0.176553672316	0.155367231638	0.262711864407
0.305084745763	0.19209039548	0.179378531073	0.323446327684
0.283898305085	0.238700564972	0.209039548023	0.268361581921
0.295197740113	0.20197740113	0.21186440678	0.290960451977
0.241525423729	0.228813559322	0.245762711864	0.283898305085

MOTIF Mo2015_EXCpos_Ctx_fold3_5.fwd
letter-probability matrix: alength= 4 w= 21 nsites= 696 E= 0
0.323275862069	0.234195402299	0.165229885057	0.277298850575
0.340517241379	0.195402298851	0.199712643678	0.264367816092
0.313218390805	0.153735632184	0.265804597701	0.26724137931
0.360632183908	0.176724137931	0.211206896552	0.251436781609
0.327586206897	0.155172413793	0.235632183908	0.281609195402
0.244252873563	0.122126436782	0.295977011494	0.337643678161
0.155172413793	0.512931034483	0.110632183908	0.221264367816
0.0474137931034	0.23132183908	0.0258620689655	0.695402298851
0.692528735632	0.0632183908046	0.0574712643678	0.186781609195
0.718390804598	0.0158045977011	0.0862068965517	0.179597701149
0.962643678161	0.00431034482759	0.0172413793103	0.0158045977011
0.859195402299	0.00287356321839	0.0100574712644	0.127873563218
0.852011494253	0.00574712643678	0.00718390804598	0.135057471264
0.0459770114943	0.0186781609195	0.00574712643678	0.929597701149
0.91091954023	0.0114942528736	0.0574712643678	0.0201149425287
0.205459770115	0.0775862068966	0.580459770115	0.136494252874
0.454022988506	0.311781609195	0.10775862069	0.126436781609
0.390804597701	0.193965517241	0.0761494252874	0.33908045977
0.252873563218	0.248563218391	0.172413793103	0.326149425287
0.281609195402	0.251436781609	0.126436781609	0.340517241379
0.274425287356	0.225574712644	0.202586206897	0.297413793103

MOTIF Mo2015_EXCpos_Ctx_fold3_6.fwd
letter-probability matrix: alength= 4 w= 21 nsites= 584 E= 0
0.321917808219	0.203767123288	0.171232876712	0.303082191781
0.332191780822	0.16095890411	0.215753424658	0.291095890411
0.376712328767	0.183219178082	0.196917808219	0.243150684932
0.421232876712	0.142123287671	0.164383561644	0.272260273973
0.292808219178	0.157534246575	0.128424657534	0.421232876712
0.25	0.118150684932	0.167808219178	0.46404109589
0.208904109589	0.190068493151	0.157534246575	0.443493150685
0.369863013699	0.190068493151	0.0890410958904	0.35102739726
0.530821917808	0.0907534246575	0.0787671232877	0.299657534247
0.364726027397	0.0428082191781	0.0291095890411	0.563356164384
0.0171232876712	0.00856164383562	0.0	0.974315068493
0.00342465753425	0.0	0.00171232876712	0.994863013699
0.0393835616438	0.027397260274	0.00684931506849	0.926369863014
0.678082191781	0.0907534246575	0.106164383562	0.125
0.755136986301	0.0359589041096	0.119863013699	0.0890410958904
0.756849315068	0.0753424657534	0.0633561643836	0.104452054795
0.551369863014	0.0890410958904	0.11301369863	0.246575342466
0.323630136986	0.172945205479	0.125	0.378424657534
0.220890410959	0.200342465753	0.260273972603	0.318493150685
0.248287671233	0.306506849315	0.157534246575	0.287671232877
0.301369863014	0.188356164384	0.191780821918	0.318493150685

MOTIF Mo2015_EXCpos_Ctx_fold3_7.fwd
letter-probability matrix: alength= 4 w= 21 nsites= 588 E= 0
0.302721088435	0.197278911565	0.236394557823	0.263605442177
0.307823129252	0.195578231293	0.234693877551	0.261904761905
0.304421768707	0.219387755102	0.232993197279	0.243197278912
0.328231292517	0.180272108844	0.222789115646	0.268707482993
0.304421768707	0.231292517007	0.234693877551	0.229591836735
0.324829931973	0.15306122449	0.25	0.272108843537
0.272108843537	0.146258503401	0.323129251701	0.258503401361
0.534013605442	0.112244897959	0.212585034014	0.141156462585
0.511904761905	0.198979591837	0.267006802721	0.0221088435374
0.0	1.0	0.0	0.0
0.991496598639	0.0	0.00510204081633	0.00340136054422
0.0102040816327	0.0102040816327	0.676870748299	0.302721088435
0.909863945578	0.0663265306122	0.00510204081633	0.0187074829932
0.0493197278912	0.00680272108844	0.0102040816327	0.933673469388
0.00170068027211	0.0	0.930272108844	0.0680272108844
0.0187074829932	0.149659863946	0.755102040816	0.0765306122449
0.248299319728	0.232993197279	0.117346938776	0.401360544218
0.278911564626	0.16156462585	0.239795918367	0.319727891156
0.234693877551	0.219387755102	0.248299319728	0.297619047619
0.243197278912	0.229591836735	0.246598639456	0.280612244898
0.246598639456	0.200680272109	0.260204081633	0.292517006803

MOTIF Mo2015_EXCpos_Ctx_fold3_8.fwd
letter-probability matrix: alength= 4 w= 21 nsites= 494 E= 0
0.271255060729	0.212550607287	0.267206477733	0.248987854251
0.236842105263	0.228744939271	0.238866396761	0.295546558704
0.275303643725	0.224696356275	0.246963562753	0.253036437247
0.255060728745	0.240890688259	0.267206477733	0.236842105263
0.291497975709	0.240890688259	0.192307692308	0.275303643725
0.271255060729	0.194331983806	0.236842105263	0.297570850202
0.228744939271	0.283400809717	0.212550607287	0.275303643725
0.297570850202	0.2004048583	0.186234817814	0.315789473684
0.313765182186	0.238866396761	0.293522267206	0.153846153846
0.267206477733	0.206477732794	0.172064777328	0.354251012146
0.216599190283	0.0566801619433	0.538461538462	0.188259109312
0.0242914979757	0.906882591093	0.0384615384615	0.0303643724696
0.400809716599	0.0263157894737	0.0526315789474	0.52024291498
0.0789473684211	0.0202429149798	0.827935222672	0.0728744939271
0.471659919028	0.0506072874494	0.0222672064777	0.455465587045
0.0222672064777	0.00607287449393	0.910931174089	0.0607287449393
0.0	1.0	0.0	0.0
0.261133603239	0.13967611336	0.0789473684211	0.52024291498
0.295546558704	0.131578947368	0.305668016194	0.267206477733
0.285425101215	0.184210526316	0.238866396761	0.291497975709
0.291497975709	0.232793522267	0.226720647773	0.248987854251

MOTIF Mo2015_EXCpos_Ctx_fold3_9.fwd
letter-probability matrix: alength= 4 w= 21 nsites= 435 E= 0
0.287356321839	0.204597701149	0.222988505747	0.285057471264
0.303448275862	0.213793103448	0.186206896552	0.296551724138
0.291954022989	0.202298850575	0.250574712644	0.255172413793
0.259770114943	0.252873563218	0.218390804598	0.268965517241
0.340229885057	0.174712643678	0.165517241379	0.319540229885
0.28275862069	0.177011494253	0.248275862069	0.291954022989
0.404597701149	0.264367816092	0.220689655172	0.110344827586
0.0114942528736	0.0	0.00229885057471	0.986206896552
0.00459770114943	0.0	0.820689655172	0.174712643678
0.997701149425	0.0	0.00229885057471	0.0
0.101149425287	0.236781609195	0.466666666667	0.195402298851
0.0	0.0	0.0	1.0
0.0229885057471	0.977011494253	0.0	0.0
0.995402298851	0.00229885057471	0.00229885057471	0.0
0.032183908046	0.31724137931	0.188505747126	0.462068965517
0.275862068966	0.287356321839	0.151724137931	0.285057471264
0.202298850575	0.344827586207	0.250574712644	0.202298850575
0.257471264368	0.266666666667	0.147126436782	0.328735632184
0.259770114943	0.181609195402	0.259770114943	0.298850574713
0.218390804598	0.227586206897	0.227586206897	0.326436781609
0.236781609195	0.252873563218	0.222988505747	0.287356321839

MOTIF Mo2015_EXCpos_Ctx_fold3_10.fwd
letter-probability matrix: alength= 4 w= 21 nsites= 234 E= 0
0.230769230769	0.230769230769	0.239316239316	0.299145299145
0.307692307692	0.175213675214	0.192307692308	0.324786324786
0.217948717949	0.286324786325	0.269230769231	0.226495726496
0.397435897436	0.166666666667	0.136752136752	0.299145299145
0.32905982906	0.162393162393	0.376068376068	0.132478632479
0.448717948718	0.0982905982906	0.102564102564	0.350427350427
0.025641025641	0.0	0.961538461538	0.0128205128205
0.0128205128205	0.982905982906	0.0	0.0042735042735
0.333333333333	0.0042735042735	0.0128205128205	0.649572649573
0.025641025641	0.00854700854701	0.944444444444	0.0213675213675
0.41452991453	0.0769230769231	0.0384615384615	0.470085470085
0.0555555555556	0.0213675213675	0.897435897436	0.025641025641
0.41452991453	0.017094017094	0.0940170940171	0.474358974359
0.286324786325	0.102564102564	0.397435897436	0.213675213675
0.337606837607	0.196581196581	0.260683760684	0.205128205128
0.269230769231	0.153846153846	0.260683760684	0.316239316239
0.384615384615	0.217948717949	0.188034188034	0.209401709402
0.367521367521	0.123931623932	0.24358974359	0.264957264957
0.299145299145	0.175213675214	0.252136752137	0.273504273504
0.303418803419	0.200854700855	0.290598290598	0.205128205128
0.307692307692	0.200854700855	0.25641025641	0.235042735043

MOTIF Mo2015_EXCpos_Ctx_fold3_11.fwd
letter-probability matrix: alength= 4 w= 21 nsites= 219 E= 0
0.301369863014	0.13698630137	0.191780821918	0.369863013699
0.278538812785	0.24200913242	0.182648401826	0.296803652968
0.310502283105	0.24200913242	0.155251141553	0.292237442922
0.269406392694	0.178082191781	0.24200913242	0.310502283105
0.296803652968	0.205479452055	0.191780821918	0.305936073059
0.301369863014	0.214611872146	0.168949771689	0.315068493151
0.013698630137	0.0319634703196	0.0	0.954337899543
0.0	0.00456621004566	0.013698630137	0.981735159817
0.607305936073	0.00456621004566	0.356164383562	0.0319634703196
0.00456621004566	0.703196347032	0.00456621004566	0.287671232877
0.981735159817	0.00456621004566	0.00913242009132	0.00456621004566
0.0	0.00456621004566	0.00456621004566	0.990867579909
0.995433789954	0.00456621004566	0.0	0.0
0.972602739726	0.00456621004566	0.00456621004566	0.0182648401826
0.205479452055	0.246575342466	0.13698630137	0.41095890411
0.37899543379	0.132420091324	0.146118721461	0.342465753425
0.319634703196	0.214611872146	0.191780821918	0.27397260274
0.337899543379	0.168949771689	0.168949771689	0.324200913242
0.296803652968	0.200913242009	0.237442922374	0.264840182648
0.191780821918	0.214611872146	0.196347031963	0.397260273973
0.315068493151	0.2100456621	0.132420091324	0.342465753425

MOTIF Mo2015_EXCpos_Ctx_fold3_12.fwd
letter-probability matrix: alength= 4 w= 21 nsites= 161 E= 0
0.310559006211	0.211180124224	0.136645962733	0.341614906832
0.198757763975	0.248447204969	0.217391304348	0.335403726708
0.16149068323	0.217391304348	0.130434782609	0.490683229814
0.23602484472	0.180124223602	0.378881987578	0.204968944099
0.366459627329	0.0683229813665	0.372670807453	0.192546583851
0.111801242236	0.782608695652	0.0683229813665	0.0372670807453
0.0	0.993788819876	0.0	0.00621118012422
0.894409937888	0.0	0.055900621118	0.0496894409938
0.0186335403727	0.633540372671	0.335403726708	0.0124223602484
0.142857142857	0.403726708075	0.0372670807453	0.416149068323
0.944099378882	0.00621118012422	0.0310559006211	0.0186335403727
0.00621118012422	0.0	0.993788819876	0.0
0.509316770186	0.0	0.484472049689	0.00621118012422
0.0372670807453	0.00621118012422	0.447204968944	0.509316770186
0.00621118012422	0.0	0.993788819876	0.0
0.0124223602484	0.0186335403727	0.919254658385	0.0496894409938
0.155279503106	0.732919254658	0.0186335403727	0.0931677018634
0.527950310559	0.0186335403727	0.409937888199	0.0434782608696
0.142857142857	0.385093167702	0.39751552795	0.0745341614907
0.142857142857	0.316770186335	0.0931677018634	0.447204968944
0.447204968944	0.229813664596	0.229813664596	0.0931677018634

MOTIF Mo2015_EXCpos_Ctx_fold3_13.fwd
letter-probability matrix: alength= 4 w= 21 nsites= 128 E= 0
0.3203125	0.2578125	0.2265625	0.1953125
0.3203125	0.265625	0.1953125	0.21875
0.2890625	0.1875	0.2421875	0.28125
0.1953125	0.1171875	0.515625	0.171875
0.09375	0.1015625	0.203125	0.6015625
0.15625	0.28125	0.0234375	0.5390625
0.2734375	0.1171875	0.21875	0.390625
0.0625	0.6875	0.1015625	0.1484375
0.0078125	0.8984375	0.0078125	0.0859375
0.625	0.171875	0.015625	0.1875
0.0703125	0.0078125	0.015625	0.90625
0.3203125	0.0	0.65625	0.0234375
0.0390625	0.0	0.953125	0.0078125
0.171875	0.65625	0.0390625	0.1328125
0.953125	0.0	0.0	0.046875
0.984375	0.0	0.0078125	0.0078125
0.0	0.9921875	0.0078125	0.0
0.40625	0.3515625	0.0625	0.1796875
0.375	0.1796875	0.3828125	0.0625
0.34375	0.2421875	0.2109375	0.203125
0.34375	0.2109375	0.2734375	0.171875

MOTIF Mo2015_EXCpos_Ctx_fold3_14.fwd
letter-probability matrix: alength= 4 w= 21 nsites= 123 E= 0
0.430894308943	0.19512195122	0.162601626016	0.211382113821
0.341463414634	0.186991869919	0.252032520325	0.219512195122
0.341463414634	0.186991869919	0.227642276423	0.243902439024
0.317073170732	0.20325203252	0.333333333333	0.146341463415
0.390243902439	0.121951219512	0.178861788618	0.308943089431
0.536585365854	0.0406504065041	0.178861788618	0.243902439024
0.170731707317	0.674796747967	0.121951219512	0.0325203252033
0.284552845528	0.00813008130081	0.0243902439024	0.682926829268
0.0243902439024	0.00813008130081	0.967479674797	0.0
0.276422764228	0.0	0.0162601626016	0.707317073171
0.00813008130081	0.0	0.991869918699	0.0
0.585365853659	0.00813008130081	0.105691056911	0.30081300813
0.49593495935	0.0406504065041	0.284552845528	0.178861788618
0.520325203252	0.0975609756098	0.178861788618	0.20325203252
0.439024390244	0.0813008130081	0.154471544715	0.325203252033
0.349593495935	0.154471544715	0.243902439024	0.252032520325
0.186991869919	0.317073170732	0.219512195122	0.276422764228
0.284552845528	0.170731707317	0.20325203252	0.341463414634
0.284552845528	0.20325203252	0.243902439024	0.268292682927
0.308943089431	0.186991869919	0.19512195122	0.308943089431
0.268292682927	0.162601626016	0.268292682927	0.30081300813

MOTIF Mo2015_EXCpos_Ctx_fold3_15.fwd
letter-probability matrix: alength= 4 w= 21 nsites= 105 E= 0
0.352380952381	0.190476190476	0.171428571429	0.285714285714
0.438095238095	0.180952380952	0.161904761905	0.219047619048
0.380952380952	0.219047619048	0.114285714286	0.285714285714
0.295238095238	0.228571428571	0.133333333333	0.342857142857
0.257142857143	0.114285714286	0.247619047619	0.380952380952
0.190476190476	0.171428571429	0.228571428571	0.409523809524
0.371428571429	0.190476190476	0.228571428571	0.209523809524
0.380952380952	0.0	0.504761904762	0.114285714286
0.0380952380952	0.942857142857	0.0	0.0190476190476
0.904761904762	0.00952380952381	0.00952380952381	0.0761904761905
0.00952380952381	0.657142857143	0.266666666667	0.0666666666667
0.952380952381	0.0190476190476	0.00952380952381	0.0190476190476
0.0380952380952	0.0380952380952	0.00952380952381	0.914285714286
0.0	0.0	0.0	1.0
0.00952380952381	0.0761904761905	0.0190476190476	0.895238095238
0.0761904761905	0.352380952381	0.047619047619	0.52380952381
0.209523809524	0.457142857143	0.104761904762	0.228571428571
0.371428571429	0.161904761905	0.12380952381	0.342857142857
0.228571428571	0.238095238095	0.247619047619	0.285714285714
0.295238095238	0.266666666667	0.114285714286	0.32380952381
0.27619047619	0.266666666667	0.133333333333	0.32380952381

MOTIF Mo2015_EXCpos_Ctx_fold3_16.fwd
letter-probability matrix: alength= 4 w= 21 nsites= 73 E= 0
0.260273972603	0.246575342466	0.205479452055	0.287671232877
0.301369863014	0.178082191781	0.178082191781	0.342465753425
0.328767123288	0.178082191781	0.287671232877	0.205479452055
0.232876712329	0.27397260274	0.164383561644	0.328767123288
0.315068493151	0.205479452055	0.219178082192	0.260273972603
0.260273972603	0.356164383562	0.13698630137	0.246575342466
0.369863013699	0.109589041096	0.424657534247	0.0958904109589
0.438356164384	0.232876712329	0.260273972603	0.0684931506849
0.72602739726	0.027397260274	0.013698630137	0.232876712329
0.0547945205479	0.0547945205479	0.876712328767	0.013698630137
0.246575342466	0.0	0.013698630137	0.739726027397
0.0	0.0	1.0	0.0
0.328767123288	0.027397260274	0.027397260274	0.616438356164
0.0547945205479	0.027397260274	0.890410958904	0.027397260274
0.917808219178	0.0	0.013698630137	0.0684931506849
0.767123287671	0.027397260274	0.150684931507	0.0547945205479
0.698630136986	0.041095890411	0.123287671233	0.13698630137
0.383561643836	0.164383561644	0.150684931507	0.301369863014
0.315068493151	0.164383561644	0.178082191781	0.342465753425
0.27397260274	0.150684931507	0.150684931507	0.424657534247
0.191780821918	0.246575342466	0.232876712329	0.328767123288

MOTIF Mo2015_EXCpos_Ctx_fold3_17.fwd
letter-probability matrix: alength= 4 w= 21 nsites= 59 E= 0
0.35593220339	0.271186440678	0.169491525424	0.203389830508
0.338983050847	0.169491525424	0.169491525424	0.322033898305
0.389830508475	0.135593220339	0.271186440678	0.203389830508
0.186440677966	0.186440677966	0.169491525424	0.457627118644
0.254237288136	0.0677966101695	0.152542372881	0.525423728814
0.440677966102	0.0338983050847	0.135593220339	0.389830508475
0.203389830508	0.0	0.796610169492	0.0
0.0169491525424	0.966101694915	0.0	0.0169491525424
0.915254237288	0.0	0.0169491525424	0.0677966101695
0.0508474576271	0.0338983050847	0.0	0.915254237288
0.0338983050847	0.0	0.0	0.966101694915
0.0	0.0169491525424	0.0	0.983050847458
0.0169491525424	0.542372881356	0.0338983050847	0.406779661017
0.169491525424	0.474576271186	0.0169491525424	0.338983050847
0.389830508475	0.152542372881	0.220338983051	0.237288135593
0.28813559322	0.254237288136	0.237288135593	0.220338983051
0.35593220339	0.169491525424	0.186440677966	0.28813559322
0.338983050847	0.220338983051	0.186440677966	0.254237288136
0.35593220339	0.186440677966	0.169491525424	0.28813559322
0.305084745763	0.186440677966	0.203389830508	0.305084745763
0.169491525424	0.220338983051	0.203389830508	0.406779661017

MOTIF Mo2015_EXCpos_Ctx_fold3_18.fwd
letter-probability matrix: alength= 4 w= 21 nsites= 42 E= 0
0.047619047619	0.857142857143	0.047619047619	0.047619047619
0.738095238095	0.0	0.047619047619	0.214285714286
0.0714285714286	0.0952380952381	0.809523809524	0.0238095238095
0.52380952381	0.047619047619	0.0238095238095	0.404761904762
0.047619047619	0.0238095238095	0.928571428571	0.0
0.428571428571	0.0714285714286	0.166666666667	0.333333333333
0.309523809524	0.0952380952381	0.547619047619	0.047619047619
0.428571428571	0.166666666667	0.0952380952381	0.309523809524
0.190476190476	0.047619047619	0.714285714286	0.047619047619
0.0952380952381	0.666666666667	0.0238095238095	0.214285714286
0.285714285714	0.0238095238095	0.309523809524	0.380952380952
0.380952380952	0.357142857143	0.142857142857	0.119047619048
0.238095238095	0.142857142857	0.380952380952	0.238095238095
0.333333333333	0.190476190476	0.238095238095	0.238095238095
0.357142857143	0.166666666667	0.166666666667	0.309523809524
0.285714285714	0.142857142857	0.309523809524	0.261904761905
0.285714285714	0.214285714286	0.285714285714	0.214285714286
0.190476190476	0.214285714286	0.333333333333	0.261904761905
0.190476190476	0.285714285714	0.309523809524	0.214285714286
0.261904761905	0.190476190476	0.309523809524	0.238095238095
0.261904761905	0.166666666667	0.261904761905	0.309523809524

