MEME version 4

ALPHABET= ACGT

strands: + -

Background letter frequencies (from unknown source)
A 0.250 C 0.250 G 0.250 T 0.250

MOTIF Pfenning_D1pos_Cpu_fold5_1.fwd
letter-probability matrix: alength= 4 w= 21 nsites= 1084 E= 0
0.268450184502	0.215867158672	0.239852398524	0.275830258303
0.252767527675	0.24815498155	0.2536900369	0.245387453875
0.285977859779	0.216789667897	0.208487084871	0.288745387454
0.285977859779	0.219557195572	0.236162361624	0.258302583026
0.290590405904	0.214022140221	0.215867158672	0.279520295203
0.265682656827	0.224169741697	0.202029520295	0.308118081181
0.284132841328	0.184501845018	0.241697416974	0.289667896679
0.365313653137	0.226937269373	0.217712177122	0.190036900369
0.168819188192	0.010147601476	0.210332103321	0.610701107011
0.00369003690037	0.0	0.994464944649	0.00184501845018
0.00276752767528	0.00184501845018	0.990774907749	0.00461254612546
0.305350553506	0.198339483395	0.0682656826568	0.428044280443
0.010147601476	0.967712177122	0.00461254612546	0.0175276752768
0.588560885609	0.166051660517	0.0230627306273	0.222324723247
0.220479704797	0.176199261993	0.273985239852	0.329335793358
0.281365313653	0.244464944649	0.226014760148	0.24815498155
0.320110701107	0.190036900369	0.226014760148	0.263837638376
0.261992619926	0.210332103321	0.242619926199	0.285055350554
0.29889298893	0.181734317343	0.2463099631	0.273062730627
0.269372693727	0.208487084871	0.230627306273	0.291512915129
0.273985239852	0.230627306273	0.211254612546	0.284132841328

MOTIF Pfenning_D1pos_Cpu_fold5_2.fwd
letter-probability matrix: alength= 4 w= 21 nsites= 466 E= 0
0.418454935622	0.150214592275	0.178111587983	0.25321888412
0.412017167382	0.190987124464	0.167381974249	0.229613733906
0.403433476395	0.199570815451	0.1330472103	0.263948497854
0.429184549356	0.199570815451	0.118025751073	0.25321888412
0.454935622318	0.145922746781	0.118025751073	0.281115879828
0.463519313305	0.169527896996	0.12017167382	0.24678111588
0.444206008584	0.231759656652	0.0965665236052	0.227467811159
0.504291845494	0.18025751073	0.0793991416309	0.236051502146
0.585836909871	0.182403433476	0.0751072961373	0.156652360515
0.62017167382	0.152360515021	0.156652360515	0.0708154506438
0.336909871245	0.317596566524	0.0257510729614	0.31974248927
0.695278969957	0.255364806867	0.0128755364807	0.0364806866953
0.918454935622	0.0236051502146	0.00429184549356	0.0536480686695
0.93347639485	0.0515021459227	0.00643776824034	0.00858369098712
0.0751072961373	0.615879828326	0.0278969957082	0.281115879828
0.896995708155	0.0536480686695	0.00429184549356	0.0450643776824
0.613733905579	0.111587982833	0.0836909871245	0.190987124464
0.532188841202	0.182403433476	0.118025751073	0.167381974249
0.43991416309	0.190987124464	0.111587982833	0.257510729614
0.412017167382	0.18025751073	0.178111587983	0.229613733906
0.459227467811	0.18025751073	0.156652360515	0.203862660944

MOTIF Pfenning_D1pos_Cpu_fold5_3.fwd
letter-probability matrix: alength= 4 w= 21 nsites= 233 E= 0
0.283261802575	0.210300429185	0.218884120172	0.287553648069
0.283261802575	0.214592274678	0.236051502146	0.266094420601
0.231759656652	0.309012875536	0.19313304721	0.266094420601
0.351931330472	0.231759656652	0.184549356223	0.231759656652
0.309012875536	0.18025751073	0.240343347639	0.270386266094
0.240343347639	0.18025751073	0.31330472103	0.266094420601
0.244635193133	0.257510729614	0.175965665236	0.321888412017
0.454935622318	0.218884120172	0.141630901288	0.184549356223
0.0987124463519	0.81974248927	0.0472103004292	0.0343347639485
0.068669527897	0.815450643777	0.00858369098712	0.107296137339
0.87982832618	0.0472103004292	0.0343347639485	0.0386266094421
0.068669527897	0.80686695279	0.0214592274678	0.103004291845
0.0171673819742	0.918454935622	0.00858369098712	0.0557939914163
0.909871244635	0.00858369098712	0.0128755364807	0.068669527897
0.184549356223	0.227467811159	0.107296137339	0.480686695279
0.154506437768	0.227467811159	0.360515021459	0.257510729614
0.343347639485	0.128755364807	0.287553648069	0.240343347639
0.274678111588	0.201716738197	0.321888412017	0.201716738197
0.214592274678	0.214592274678	0.283261802575	0.287553648069
0.291845493562	0.167381974249	0.283261802575	0.257510729614
0.25321888412	0.236051502146	0.270386266094	0.240343347639

MOTIF Pfenning_D1pos_Cpu_fold5_4.fwd
letter-probability matrix: alength= 4 w= 21 nsites= 233 E= 0
0.317596566524	0.206008583691	0.240343347639	0.236051502146
0.257510729614	0.270386266094	0.201716738197	0.270386266094
0.304721030043	0.184549356223	0.210300429185	0.300429184549
0.240343347639	0.206008583691	0.278969957082	0.274678111588
0.266094420601	0.197424892704	0.296137339056	0.240343347639
0.343347639485	0.214592274678	0.18025751073	0.261802575107
0.356223175966	0.175965665236	0.197424892704	0.270386266094
0.218884120172	0.330472103004	0.236051502146	0.214592274678
0.399141630901	0.369098712446	0.0944206008584	0.137339055794
0.0257510729614	0.50643776824	0.0987124463519	0.369098712446
0.948497854077	0.0214592274678	0.0128755364807	0.0171673819742
0.0171673819742	0.00429184549356	0.0128755364807	0.965665236052
0.068669527897	0.0	0.927038626609	0.00429184549356
0.0214592274678	0.00429184549356	0.948497854077	0.0257510729614
0.19313304721	0.240343347639	0.201716738197	0.364806866953
0.175965665236	0.339055793991	0.184549356223	0.300429184549
0.296137339056	0.128755364807	0.171673819742	0.403433476395
0.351931330472	0.214592274678	0.210300429185	0.223175965665
0.300429184549	0.201716738197	0.231759656652	0.266094420601
0.309012875536	0.227467811159	0.19313304721	0.270386266094
0.266094420601	0.201716738197	0.244635193133	0.287553648069

MOTIF Pfenning_D1pos_Cpu_fold5_5.fwd
letter-probability matrix: alength= 4 w= 21 nsites= 131 E= 0
0.30534351145	0.251908396947	0.229007633588	0.213740458015
0.312977099237	0.206106870229	0.213740458015	0.267175572519
0.267175572519	0.251908396947	0.198473282443	0.282442748092
0.190839694656	0.343511450382	0.213740458015	0.251908396947
0.206106870229	0.343511450382	0.152671755725	0.297709923664
0.251908396947	0.167938931298	0.267175572519	0.312977099237
0.297709923664	0.206106870229	0.267175572519	0.229007633588
0.0992366412214	0.297709923664	0.167938931298	0.435114503817
0.770992366412	0.0687022900763	0.0839694656489	0.0763358778626
0.0	0.992366412214	0.0	0.00763358778626
0.00763358778626	0.977099236641	0.0	0.0152671755725
0.900763358779	0.0229007633588	0.0152671755725	0.0610687022901
0.236641221374	0.190839694656	0.12213740458	0.450381679389
0.12213740458	0.496183206107	0.106870229008	0.274809160305
0.549618320611	0.129770992366	0.137404580153	0.18320610687
0.152671755725	0.267175572519	0.290076335878	0.290076335878
0.24427480916	0.267175572519	0.221374045802	0.267175572519
0.274809160305	0.229007633588	0.18320610687	0.312977099237
0.30534351145	0.145038167939	0.24427480916	0.30534351145
0.251908396947	0.18320610687	0.335877862595	0.229007633588
0.290076335878	0.221374045802	0.24427480916	0.24427480916

MOTIF Pfenning_D1pos_Cpu_fold5_6.fwd
letter-probability matrix: alength= 4 w= 21 nsites= 108 E= 0
0.481481481481	0.203703703704	0.148148148148	0.166666666667
0.175925925926	0.453703703704	0.111111111111	0.259259259259
0.611111111111	0.0740740740741	0.157407407407	0.157407407407
0.166666666667	0.407407407407	0.101851851852	0.324074074074
0.611111111111	0.0648148148148	0.138888888889	0.185185185185
0.157407407407	0.527777777778	0.0740740740741	0.240740740741
0.731481481481	0.111111111111	0.0925925925926	0.0648148148148
0.166666666667	0.5	0.0555555555556	0.277777777778
0.87962962963	0.0740740740741	0.037037037037	0.00925925925926
0.037037037037	0.796296296296	0.0462962962963	0.12037037037
0.842592592593	0.0925925925926	0.0462962962963	0.0185185185185
0.0185185185185	0.546296296296	0.0277777777778	0.407407407407
0.898148148148	0.0185185185185	0.0555555555556	0.0277777777778
0.0185185185185	0.342592592593	0.00925925925926	0.62962962963
0.87037037037	0.00925925925926	0.101851851852	0.0185185185185
0.0277777777778	0.648148148148	0.0185185185185	0.305555555556
0.861111111111	0.0462962962963	0.037037037037	0.0555555555556
0.0833333333333	0.5	0.0833333333333	0.333333333333
0.583333333333	0.148148148148	0.148148148148	0.12037037037
0.305555555556	0.398148148148	0.111111111111	0.185185185185
0.583333333333	0.12037037037	0.12037037037	0.175925925926

MOTIF Pfenning_D1pos_Cpu_fold5_7.fwd
letter-probability matrix: alength= 4 w= 21 nsites= 98 E= 0
0.234693877551	0.30612244898	0.285714285714	0.173469387755
0.326530612245	0.234693877551	0.142857142857	0.295918367347
0.244897959184	0.326530612245	0.142857142857	0.285714285714
0.387755102041	0.183673469388	0.163265306122	0.265306122449
0.336734693878	0.122448979592	0.275510204082	0.265306122449
0.224489795918	0.336734693878	0.19387755102	0.244897959184
0.234693877551	0.336734693878	0.224489795918	0.204081632653
0.5	0.183673469388	0.163265306122	0.15306122449
0.0510204081633	0.0	0.163265306122	0.785714285714
0.0	0.0	1.0	0.0
0.0	0.0102040816327	0.989795918367	0.0
0.0102040816327	0.928571428571	0.0408163265306	0.0204081632653
0.0102040816327	0.0612244897959	0.0204081632653	0.908163265306
0.938775510204	0.0204081632653	0.0102040816327	0.030612244898
0.0918367346939	0.530612244898	0.112244897959	0.265306122449
0.316326530612	0.214285714286	0.102040816327	0.367346938776
0.316326530612	0.316326530612	0.102040816327	0.265306122449
0.244897959184	0.244897959184	0.224489795918	0.285714285714
0.265306122449	0.173469387755	0.316326530612	0.244897959184
0.34693877551	0.19387755102	0.183673469388	0.275510204082
0.244897959184	0.265306122449	0.30612244898	0.183673469388

MOTIF Pfenning_D1pos_Cpu_fold5_8.fwd
letter-probability matrix: alength= 4 w= 21 nsites= 94 E= 0
0.31914893617	0.276595744681	0.159574468085	0.244680851064
0.297872340426	0.287234042553	0.0744680851064	0.340425531915
0.393617021277	0.117021276596	0.234042553191	0.255319148936
0.276595744681	0.276595744681	0.13829787234	0.308510638298
0.36170212766	0.159574468085	0.276595744681	0.202127659574
0.191489361702	0.36170212766	0.127659574468	0.31914893617
0.510638297872	0.223404255319	0.159574468085	0.106382978723
0.265957446809	0.234042553191	0.0957446808511	0.404255319149
0.68085106383	0.191489361702	0.063829787234	0.063829787234
0.0425531914894	0.734042553191	0.0106382978723	0.212765957447
0.904255319149	0.031914893617	0.031914893617	0.031914893617
0.0425531914894	0.457446808511	0.0212765957447	0.478723404255
0.904255319149	0.0531914893617	0.0425531914894	0.0
0.0212765957447	0.372340425532	0.063829787234	0.542553191489
0.489361702128	0.0744680851064	0.382978723404	0.0531914893617
0.0744680851064	0.223404255319	0.265957446809	0.436170212766
0.404255319149	0.191489361702	0.31914893617	0.0851063829787
0.159574468085	0.372340425532	0.13829787234	0.329787234043
0.382978723404	0.18085106383	0.212765957447	0.223404255319
0.297872340426	0.308510638298	0.148936170213	0.244680851064
0.414893617021	0.159574468085	0.223404255319	0.202127659574

MOTIF Pfenning_D1pos_Cpu_fold5_9.fwd
letter-probability matrix: alength= 4 w= 21 nsites= 96 E= 0
0.3125	0.229166666667	0.166666666667	0.291666666667
0.197916666667	0.260416666667	0.1875	0.354166666667
0.322916666667	0.1875	0.208333333333	0.28125
0.291666666667	0.15625	0.166666666667	0.385416666667
0.40625	0.135416666667	0.208333333333	0.25
0.28125	0.34375	0.15625	0.21875
0.333333333333	0.291666666667	0.229166666667	0.145833333333
0.145833333333	0.364583333333	0.145833333333	0.34375
0.5	0.270833333333	0.166666666667	0.0625
0.0208333333333	0.416666666667	0.0	0.5625
0.916666666667	0.0208333333333	0.03125	0.03125
0.0	0.229166666667	0.0520833333333	0.71875
0.833333333333	0.0625	0.104166666667	0.0
0.0104166666667	0.322916666667	0.104166666667	0.5625
0.572916666667	0.104166666667	0.25	0.0729166666667
0.177083333333	0.333333333333	0.114583333333	0.375
0.427083333333	0.15625	0.239583333333	0.177083333333
0.239583333333	0.270833333333	0.145833333333	0.34375
0.375	0.197916666667	0.1875	0.239583333333
0.354166666667	0.239583333333	0.135416666667	0.270833333333
0.395833333333	0.25	0.15625	0.197916666667

MOTIF Pfenning_D1pos_Cpu_fold5_10.fwd
letter-probability matrix: alength= 4 w= 21 nsites= 77 E= 0
0.337662337662	0.207792207792	0.194805194805	0.25974025974
0.272727272727	0.233766233766	0.246753246753	0.246753246753
0.233766233766	0.272727272727	0.194805194805	0.298701298701
0.337662337662	0.207792207792	0.246753246753	0.207792207792
0.25974025974	0.155844155844	0.363636363636	0.220779220779
0.220779220779	0.233766233766	0.142857142857	0.402597402597
0.246753246753	0.402597402597	0.194805194805	0.155844155844
0.285714285714	0.285714285714	0.298701298701	0.12987012987
0.0909090909091	0.376623376623	0.103896103896	0.428571428571
0.792207792208	0.0519480519481	0.0649350649351	0.0909090909091
0.0	0.857142857143	0.025974025974	0.116883116883
0.662337662338	0.155844155844	0.0	0.181818181818
0.012987012987	0.792207792208	0.025974025974	0.168831168831
0.779220779221	0.0909090909091	0.0779220779221	0.0519480519481
0.0649350649351	0.376623376623	0.0909090909091	0.467532467532
0.545454545455	0.155844155844	0.194805194805	0.103896103896
0.12987012987	0.233766233766	0.155844155844	0.480519480519
0.467532467532	0.116883116883	0.272727272727	0.142857142857
0.194805194805	0.298701298701	0.246753246753	0.25974025974
0.363636363636	0.207792207792	0.168831168831	0.25974025974
0.25974025974	0.220779220779	0.272727272727	0.246753246753

MOTIF Pfenning_D1pos_Cpu_fold5_11.fwd
letter-probability matrix: alength= 4 w= 21 nsites= 73 E= 0
0.205479452055	0.219178082192	0.13698630137	0.438356164384
0.260273972603	0.246575342466	0.219178082192	0.27397260274
0.27397260274	0.178082191781	0.13698630137	0.41095890411
0.150684931507	0.27397260274	0.315068493151	0.260273972603
0.260273972603	0.178082191781	0.232876712329	0.328767123288
0.520547945205	0.0	0.150684931507	0.328767123288
0.0547945205479	0.0	0.931506849315	0.013698630137
0.424657534247	0.123287671233	0.191780821918	0.260273972603
0.0684931506849	0.86301369863	0.027397260274	0.041095890411
0.0	1.0	0.0	0.0
0.602739726027	0.0958904109589	0.0	0.301369863014
0.315068493151	0.0684931506849	0.424657534247	0.191780821918
0.0547945205479	0.0821917808219	0.671232876712	0.191780821918
0.369863013699	0.232876712329	0.246575342466	0.150684931507
0.13698630137	0.602739726027	0.013698630137	0.246575342466
0.123287671233	0.575342465753	0.205479452055	0.0958904109589
0.260273972603	0.164383561644	0.164383561644	0.41095890411
0.191780821918	0.41095890411	0.164383561644	0.232876712329
0.246575342466	0.328767123288	0.164383561644	0.260273972603
0.219178082192	0.260273972603	0.205479452055	0.315068493151
0.219178082192	0.191780821918	0.356164383562	0.232876712329

MOTIF Pfenning_D1pos_Cpu_fold5_12.fwd
letter-probability matrix: alength= 4 w= 21 nsites= 38 E= 0
0.105263157895	0.131578947368	0.131578947368	0.631578947368
0.263157894737	0.263157894737	0.157894736842	0.315789473684
0.236842105263	0.184210526316	0.289473684211	0.289473684211
0.447368421053	0.0526315789474	0.289473684211	0.210526315789
0.342105263158	0.131578947368	0.263157894737	0.263157894737
0.131578947368	0.210526315789	0.0263157894737	0.631578947368
0.157894736842	0.526315789474	0.157894736842	0.157894736842
0.0	0.921052631579	0.0263157894737	0.0526315789474
0.0	0.894736842105	0.0	0.105263157895
0.921052631579	0.0263157894737	0.0	0.0526315789474
0.263157894737	0.0789473684211	0.526315789474	0.131578947368
0.0	0.631578947368	0.0526315789474	0.315789473684
0.789473684211	0.131578947368	0.0	0.0789473684211
0.184210526316	0.815789473684	0.0	0.0
0.0526315789474	0.894736842105	0.0	0.0526315789474
0.368421052632	0.368421052632	0.0263157894737	0.236842105263
0.605263157895	0.0526315789474	0.236842105263	0.105263157895
0.0789473684211	0.473684210526	0.263157894737	0.184210526316
0.578947368421	0.105263157895	0.210526315789	0.105263157895
0.263157894737	0.131578947368	0.131578947368	0.473684210526
0.184210526316	0.342105263158	0.315789473684	0.157894736842

