MEME version 4

ALPHABET= ACGT

strands: + -

Background letter frequencies (from unknown source)
A 0.250 C 0.250 G 0.250 T 0.250

MOTIF Pfenning_D1pos_Cpu_fold4_1.fwd
letter-probability matrix: alength= 4 w= 21 nsites= 1501 E= 0
0.262491672219	0.292471685543	0.19053964024	0.254497001999
0.236508994004	0.305796135909	0.20652898068	0.251165889407
0.250499666889	0.280479680213	0.207195203198	0.2618254497
0.211192538308	0.343104596935	0.197201865423	0.248500999334
0.227181878748	0.343770819454	0.132578281146	0.296469020653
0.195869420386	0.297135243171	0.223184543638	0.283810792805
0.193204530313	0.568287808128	0.125249833444	0.113257828115
0.110592938041	0.719520319787	0.0306462358428	0.139240506329
0.317121918721	0.0599600266489	0.280479680213	0.342438374417
0.00732844770153	0.967355096602	0.0159893404397	0.0093271152565
0.0286475682878	0.899400399734	0.0433044636909	0.0286475682878
0.0193204530313	0.693537641572	0.0273151232512	0.259826782145
0.503664223851	0.326449033977	0.0886075949367	0.0812791472352
0.00599600266489	0.957361758827	0.0139906728847	0.0226515656229
0.3890739507	0.148567621586	0.195869420386	0.266489007328
0.0826115922718	0.598267821452	0.152564956696	0.16655562958
0.324450366422	0.294470353098	0.147235176549	0.233844103931
0.156562291805	0.344437041972	0.225183211193	0.27381745503
0.214523650899	0.336442371752	0.17854763491	0.270486342438
0.200532978015	0.319120586276	0.205862758161	0.274483677548
0.207195203198	0.335776149234	0.203197868088	0.25383077948

MOTIF Pfenning_D1pos_Cpu_fold4_2.fwd
letter-probability matrix: alength= 4 w= 21 nsites= 1135 E= 0
0.281057268722	0.245814977974	0.219383259912	0.253744493392
0.281938325991	0.210572687225	0.237885462555	0.269603524229
0.274889867841	0.258149779736	0.244052863436	0.222907488987
0.271365638767	0.278414096916	0.2140969163	0.236123348018
0.299559471366	0.196475770925	0.297797356828	0.206167400881
0.270484581498	0.312775330396	0.164757709251	0.251982378855
0.262555066079	0.0801762114537	0.39295154185	0.264317180617
0.0713656387665	0.790308370044	0.0925110132159	0.0458149779736
0.492511013216	0.0607929515419	0.0704845814978	0.376211453744
0.0370044052863	0.0907488986784	0.839647577093	0.0325991189427
0.523348017621	0.0493392070485	0.04140969163	0.3859030837
0.0352422907489	0.000881057268722	0.911013215859	0.0528634361233
0.0352422907489	0.936563876652	0.00704845814978	0.0211453744493
0.36563876652	0.116299559471	0.0669603524229	0.451101321586
0.0986784140969	0.161233480176	0.589427312775	0.150660792952
0.259911894273	0.302202643172	0.161233480176	0.276651982379
0.205286343612	0.245814977974	0.276651982379	0.272246696035
0.235242290749	0.212334801762	0.251982378855	0.300440528634
0.270484581498	0.226431718062	0.274889867841	0.228193832599
0.247577092511	0.236123348018	0.264317180617	0.251982378855
0.28281938326	0.209691629956	0.257268722467	0.250220264317

MOTIF Pfenning_D1pos_Cpu_fold4_3.fwd
letter-probability matrix: alength= 4 w= 21 nsites= 846 E= 0
0.315602836879	0.187943262411	0.167848699764	0.328605200946
0.293144208038	0.144208037825	0.232860520095	0.329787234043
0.265957446809	0.221040189125	0.218676122931	0.294326241135
0.335697399527	0.115839243499	0.190307328605	0.358156028369
0.238770685579	0.167848699764	0.204491725768	0.388888888889
0.300236406619	0.118203309693	0.121749408983	0.459810874704
0.268321513002	0.120567375887	0.18085106383	0.430260047281
0.219858156028	0.12293144208	0.0910165484634	0.566193853428
0.0992907801418	0.0531914893617	0.0780141843972	0.769503546099
0.199763593381	0.111111111111	0.0992907801418	0.589834515366
0.126477541371	0.0614657210402	0.0354609929078	0.776595744681
0.0957446808511	0.0307328605201	0.0531914893617	0.820330969267
0.0189125295508	0.00945626477541	0.0106382978723	0.960992907801
0.0236406619385	0.0260047281324	0.0106382978723	0.939716312057
0.0721040189125	0.063829787234	0.0295508274232	0.83451536643
0.256501182033	0.19621749409	0.10401891253	0.443262411348
0.332151300236	0.212765957447	0.0520094562648	0.403073286052
0.356973995272	0.216312056738	0.111111111111	0.315602836879
0.325059101655	0.166666666667	0.135933806147	0.372340425532
0.294326241135	0.231678486998	0.163120567376	0.310874704492
0.313238770686	0.21158392435	0.167848699764	0.307328605201

MOTIF Pfenning_D1pos_Cpu_fold4_4.fwd
letter-probability matrix: alength= 4 w= 21 nsites= 697 E= 0
0.233859397418	0.253945480631	0.261119081779	0.251076040172
0.2912482066	0.228120516499	0.199426111908	0.281205164993
0.235294117647	0.259684361549	0.271162123386	0.233859397418
0.271162123386	0.230989956958	0.19512195122	0.302725968436
0.259684361549	0.307030129125	0.251076040172	0.182209469154
0.233859397418	0.288378766141	0.239598278336	0.238163558106
0.19368723099	0.493543758967	0.121951219512	0.190817790531
0.299856527977	0.196556671449	0.166427546628	0.337159253945
0.0358680057389	0.0803443328551	0.83787661406	0.0459110473458
0.0229555236729	0.928263988522	0.025824964132	0.0229555236729
0.362984218077	0.0286944045911	0.0157819225251	0.592539454806
0.012912482066	0.0172166427547	0.890961262554	0.0789096126255
0.0588235294118	0.803443328551	0.0688665710187	0.0688665710187
0.235294117647	0.527977044476	0.06456241033	0.172166427547
0.199426111908	0.06456241033	0.238163558106	0.497847919656
0.150645624103	0.120516499283	0.535150645624	0.19368723099
0.164992826399	0.453371592539	0.232424677188	0.149210903874
0.262553802009	0.246771879484	0.216642754663	0.274031563845
0.288378766141	0.164992826399	0.268292682927	0.278335724534
0.285509325681	0.235294117647	0.286944045911	0.19225251076
0.274031563845	0.230989956958	0.285509325681	0.209469153515

MOTIF Pfenning_D1pos_Cpu_fold4_5.fwd
letter-probability matrix: alength= 4 w= 21 nsites= 613 E= 0
0.252854812398	0.220228384992	0.226753670473	0.300163132137
0.246329526917	0.213703099511	0.238172920065	0.301794453507
0.290375203915	0.203915171289	0.221859706362	0.283849918434
0.277324632953	0.205546492659	0.207177814029	0.309951060359
0.26264274062	0.223491027732	0.231647634584	0.282218597064
0.282218597064	0.176182707993	0.179445350734	0.362153344209
0.246329526917	0.244698205546	0.244698205546	0.26427406199
0.352365415987	0.145187601958	0.169657422512	0.332789559543
0.324632952692	0.216965742251	0.306688417618	0.151712887439
0.425774877651	0.179445350734	0.10603588907	0.288743882545
0.236541598695	0.256117455139	0.254486133768	0.252854812398
0.0603588907015	0.00489396411093	0.00652528548124	0.928221859706
0.00489396411093	0.0114192495922	0.977161500816	0.00652528548124
0.753670473083	0.0114192495922	0.0130505709625	0.221859706362
0.00163132137031	0.993474714519	0.00326264274062	0.00163132137031
0.916802610114	0.00815660685155	0.0130505709625	0.0619902120718
0.089722675367	0.0358890701468	0.781402936378	0.0929853181077
0.295269168026	0.244698205546	0.190864600326	0.269168026101
0.26427406199	0.205546492659	0.176182707993	0.353996737357
0.329526916803	0.200652528548	0.168026101142	0.301794453507
0.252854812398	0.202283849918	0.246329526917	0.298531810767

MOTIF Pfenning_D1pos_Cpu_fold4_6.fwd
letter-probability matrix: alength= 4 w= 21 nsites= 465 E= 0
0.313978494624	0.2	0.217204301075	0.268817204301
0.311827956989	0.184946236559	0.232258064516	0.270967741935
0.318279569892	0.193548387097	0.217204301075	0.270967741935
0.303225806452	0.215053763441	0.204301075269	0.277419354839
0.286021505376	0.152688172043	0.240860215054	0.320430107527
0.210752688172	0.12688172043	0.296774193548	0.365591397849
0.139784946237	0.593548387097	0.0989247311828	0.167741935484
0.0215053763441	0.202150537634	0.0172043010753	0.759139784946
0.664516129032	0.0602150537634	0.0516129032258	0.223655913978
0.675268817204	0.0150537634409	0.0688172043011	0.240860215054
0.838709677419	0.00215053763441	0.058064516129	0.101075268817
0.87311827957	0.00430107526882	0.00215053763441	0.120430107527
0.791397849462	0.00215053763441	0.00430107526882	0.202150537634
0.0215053763441	0.00215053763441	0.00430107526882	0.972043010753
0.965591397849	0.00645161290323	0.0193548387097	0.00860215053763
0.133333333333	0.0516129032258	0.756989247312	0.058064516129
0.354838709677	0.412903225806	0.101075268817	0.131182795699
0.389247311828	0.208602150538	0.0731182795699	0.329032258065
0.277419354839	0.303225806452	0.156989247312	0.262365591398
0.288172043011	0.240860215054	0.150537634409	0.320430107527
0.236559139785	0.240860215054	0.249462365591	0.27311827957

MOTIF Pfenning_D1pos_Cpu_fold4_7.fwd
letter-probability matrix: alength= 4 w= 21 nsites= 414 E= 0
0.287439613527	0.193236714976	0.202898550725	0.316425120773
0.280193236715	0.200483091787	0.164251207729	0.355072463768
0.297101449275	0.188405797101	0.217391304348	0.297101449275
0.323671497585	0.188405797101	0.188405797101	0.299516908213
0.316425120773	0.200483091787	0.246376811594	0.236714975845
0.345410628019	0.188405797101	0.248792270531	0.217391304348
0.345410628019	0.193236714976	0.253623188406	0.207729468599
0.359903381643	0.19806763285	0.316425120773	0.125603864734
0.314009661836	0.101449275362	0.159420289855	0.425120772947
0.154589371981	0.0555555555556	0.669082125604	0.12077294686
0.224637681159	0.528985507246	0.125603864734	0.12077294686
0.294685990338	0.0314009661836	0.1038647343	0.570048309179
0.867149758454	0.0410628019324	0.0579710144928	0.0338164251208
0.891304347826	0.0	0.0	0.108695652174
0.0265700483092	0.0	0.0	0.973429951691
0.0386473429952	0.0314009661836	0.0628019323671	0.867149758454
0.531400966184	0.207729468599	0.0893719806763	0.171497584541
0.391304347826	0.231884057971	0.132850241546	0.243961352657
0.263285024155	0.149758454106	0.169082125604	0.417874396135
0.222222222222	0.231884057971	0.157004830918	0.388888888889
0.227053140097	0.236714975845	0.169082125604	0.367149758454

MOTIF Pfenning_D1pos_Cpu_fold4_8.fwd
letter-probability matrix: alength= 4 w= 21 nsites= 289 E= 0
0.273356401384	0.155709342561	0.221453287197	0.349480968858
0.259515570934	0.245674740484	0.259515570934	0.235294117647
0.176470588235	0.290657439446	0.110726643599	0.42214532872
0.252595155709	0.152249134948	0.373702422145	0.221453287197
0.349480968858	0.0865051903114	0.404844290657	0.159169550173
0.100346020761	0.792387543253	0.0553633217993	0.0519031141869
0.0103806228374	0.982698961938	0.00692041522491	0.0
0.764705882353	0.0346020761246	0.0899653979239	0.110726643599
0.0519031141869	0.636678200692	0.290657439446	0.0207612456747
0.19723183391	0.349480968858	0.0173010380623	0.43598615917
0.934256055363	0.00692041522491	0.0346020761246	0.0242214532872
0.00692041522491	0.0	0.98615916955	0.00692041522491
0.470588235294	0.0	0.525951557093	0.00346020761246
0.0242214532872	0.0173010380623	0.519031141869	0.439446366782
0.0138408304498	0.00346020761246	0.982698961938	0.0
0.00692041522491	0.00346020761246	0.951557093426	0.038062283737
0.121107266436	0.820069204152	0.0138408304498	0.0449826989619
0.512110726644	0.0346020761246	0.397923875433	0.0553633217993
0.0899653979239	0.470588235294	0.373702422145	0.0657439446367
0.131487889273	0.342560553633	0.107266435986	0.418685121107
0.460207612457	0.207612456747	0.262975778547	0.0692041522491

MOTIF Pfenning_D1pos_Cpu_fold4_9.fwd
letter-probability matrix: alength= 4 w= 21 nsites= 285 E= 0
0.287719298246	0.231578947368	0.20350877193	0.277192982456
0.266666666667	0.242105263158	0.20350877193	0.287719298246
0.277192982456	0.20350877193	0.235087719298	0.284210526316
0.298245614035	0.256140350877	0.217543859649	0.228070175439
0.319298245614	0.20701754386	0.20701754386	0.266666666667
0.277192982456	0.224561403509	0.256140350877	0.242105263158
0.249122807018	0.242105263158	0.270175438596	0.238596491228
0.245614035088	0.178947368421	0.319298245614	0.256140350877
0.428070175439	0.273684210526	0.221052631579	0.0771929824561
0.00701754385965	0.0	0.0	0.99298245614
0.0	0.0210526315789	0.863157894737	0.115789473684
0.99649122807	0.0	0.0	0.00350877192982
0.059649122807	0.00350877192982	0.856140350877	0.080701754386
0.00350877192982	0.0	0.0	0.99649122807
0.0140350877193	0.982456140351	0.00350877192982	0.0
0.982456140351	0.0	0.0105263157895	0.00701754385965
0.0526315789474	0.315789473684	0.2	0.431578947368
0.266666666667	0.280701754386	0.164912280702	0.287719298246
0.228070175439	0.249122807018	0.249122807018	0.273684210526
0.182456140351	0.273684210526	0.217543859649	0.326315789474
0.221052631579	0.235087719298	0.221052631579	0.322807017544

MOTIF Pfenning_D1pos_Cpu_fold4_10.fwd
letter-probability matrix: alength= 4 w= 21 nsites= 232 E= 0
0.297413793103	0.219827586207	0.206896551724	0.275862068966
0.284482758621	0.211206896552	0.193965517241	0.310344827586
0.323275862069	0.172413793103	0.176724137931	0.327586206897
0.25	0.10775862069	0.340517241379	0.301724137931
0.258620689655	0.366379310345	0.185344827586	0.189655172414
0.327586206897	0.176724137931	0.129310344828	0.366379310345
0.336206896552	0.280172413793	0.163793103448	0.219827586207
0.168103448276	0.0387931034483	0.0603448275862	0.73275862069
0.0	0.0	0.978448275862	0.0215517241379
0.241379310345	0.698275862069	0.0301724137931	0.0301724137931
0.849137931034	0.0215517241379	0.0172413793103	0.112068965517
0.431034482759	0.0215517241379	0.0301724137931	0.51724137931
0.836206896552	0.0129310344828	0.00862068965517	0.14224137931
0.491379310345	0.0215517241379	0.0775862068966	0.409482758621
0.103448275862	0.129310344828	0.181034482759	0.586206896552
0.297413793103	0.168103448276	0.150862068966	0.383620689655
0.413793103448	0.262931034483	0.133620689655	0.189655172414
0.375	0.189655172414	0.202586206897	0.23275862069
0.293103448276	0.146551724138	0.23275862069	0.327586206897
0.25	0.23275862069	0.254310344828	0.262931034483
0.245689655172	0.241379310345	0.181034482759	0.331896551724

MOTIF Pfenning_D1pos_Cpu_fold4_11.fwd
letter-probability matrix: alength= 4 w= 21 nsites= 133 E= 0
0.323308270677	0.233082706767	0.233082706767	0.210526315789
0.330827067669	0.278195488722	0.203007518797	0.187969924812
0.248120300752	0.240601503759	0.285714285714	0.225563909774
0.278195488722	0.105263157895	0.481203007519	0.135338345865
0.127819548872	0.0977443609023	0.233082706767	0.541353383459
0.165413533835	0.285714285714	0.0375939849624	0.511278195489
0.255639097744	0.0902255639098	0.157894736842	0.496240601504
0.0526315789474	0.639097744361	0.157894736842	0.15037593985
0.00751879699248	0.932330827068	0.00751879699248	0.0526315789474
0.413533834586	0.308270676692	0.0225563909774	0.255639097744
0.12030075188	0.015037593985	0.0526315789474	0.812030075188
0.263157894737	0.0	0.736842105263	0.0
0.0	0.0	1.0	0.0
0.263157894737	0.616541353383	0.0902255639098	0.0300751879699
0.962406015038	0.0	0.015037593985	0.0225563909774
0.96992481203	0.0	0.0300751879699	0.0
0.0827067669173	0.87969924812	0.0225563909774	0.015037593985
0.413533834586	0.360902255639	0.105263157895	0.12030075188
0.285714285714	0.15037593985	0.436090225564	0.127819548872
0.255639097744	0.248120300752	0.240601503759	0.255639097744
0.323308270677	0.323308270677	0.18045112782	0.172932330827

MOTIF Pfenning_D1pos_Cpu_fold4_12.fwd
letter-probability matrix: alength= 4 w= 21 nsites= 91 E= 0
0.318681318681	0.241758241758	0.230769230769	0.208791208791
0.296703296703	0.164835164835	0.175824175824	0.362637362637
0.351648351648	0.164835164835	0.263736263736	0.21978021978
0.340659340659	0.120879120879	0.197802197802	0.340659340659
0.373626373626	0.307692307692	0.21978021978	0.0989010989011
0.395604395604	0.10989010989	0.10989010989	0.384615384615
0.0	0.0	0.967032967033	0.032967032967
0.0549450549451	0.879120879121	0.032967032967	0.032967032967
0.56043956044	0.032967032967	0.120879120879	0.285714285714
0.307692307692	0.0769230769231	0.0549450549451	0.56043956044
0.307692307692	0.021978021978	0.032967032967	0.637362637363
0.274725274725	0.0	0.010989010989	0.714285714286
0.0549450549451	0.186813186813	0.131868131868	0.626373626374
0.252747252747	0.252747252747	0.21978021978	0.274725274725
0.494505494505	0.241758241758	0.153846153846	0.10989010989
0.428571428571	0.197802197802	0.153846153846	0.21978021978
0.285714285714	0.120879120879	0.285714285714	0.307692307692
0.32967032967	0.186813186813	0.274725274725	0.208791208791
0.296703296703	0.230769230769	0.186813186813	0.285714285714
0.296703296703	0.186813186813	0.230769230769	0.285714285714
0.263736263736	0.285714285714	0.186813186813	0.263736263736

MOTIF Pfenning_D1pos_Cpu_fold4_13.fwd
letter-probability matrix: alength= 4 w= 21 nsites= 88 E= 0
0.261363636364	0.227272727273	0.181818181818	0.329545454545
0.25	0.170454545455	0.25	0.329545454545
0.238636363636	0.159090909091	0.272727272727	0.329545454545
0.329545454545	0.147727272727	0.181818181818	0.340909090909
0.215909090909	0.261363636364	0.295454545455	0.227272727273
0.238636363636	0.261363636364	0.25	0.25
0.261363636364	0.227272727273	0.295454545455	0.215909090909
0.0	0.0113636363636	0.0	0.988636363636
0.0113636363636	0.0	0.0	0.988636363636
1.0	0.0	0.0	0.0
0.0113636363636	0.0340909090909	0.0227272727273	0.931818181818
0.102272727273	0.0	0.886363636364	0.0113636363636
0.0	0.0795454545455	0.0113636363636	0.909090909091
0.988636363636	0.0113636363636	0.0	0.0
1.0	0.0	0.0	0.0
0.113636363636	0.375	0.181818181818	0.329545454545
0.295454545455	0.227272727273	0.170454545455	0.306818181818
0.227272727273	0.318181818182	0.227272727273	0.227272727273
0.284090909091	0.170454545455	0.170454545455	0.375
0.238636363636	0.261363636364	0.193181818182	0.306818181818
0.261363636364	0.193181818182	0.204545454545	0.340909090909

MOTIF Pfenning_D1pos_Cpu_fold4_14.fwd
letter-probability matrix: alength= 4 w= 21 nsites= 90 E= 0
0.266666666667	0.322222222222	0.111111111111	0.3
0.333333333333	0.1	0.266666666667	0.3
0.244444444444	0.266666666667	0.255555555556	0.233333333333
0.288888888889	0.277777777778	0.133333333333	0.3
0.3	0.277777777778	0.222222222222	0.2
0.377777777778	0.122222222222	0.1	0.4
0.0	0.0333333333333	0.9	0.0666666666667
0.0666666666667	0.866666666667	0.0222222222222	0.0444444444444
0.333333333333	0.0444444444444	0.155555555556	0.466666666667
0.0888888888889	0.322222222222	0.511111111111	0.0777777777778
0.777777777778	0.0222222222222	0.0777777777778	0.122222222222
0.133333333333	0.0444444444444	0.0666666666667	0.755555555556
0.0333333333333	0.0111111111111	0.0111111111111	0.944444444444
0.266666666667	0.144444444444	0.0777777777778	0.511111111111
0.244444444444	0.177777777778	0.244444444444	0.333333333333
0.233333333333	0.355555555556	0.133333333333	0.277777777778
0.333333333333	0.211111111111	0.155555555556	0.3
0.266666666667	0.255555555556	0.155555555556	0.322222222222
0.211111111111	0.211111111111	0.177777777778	0.4
0.233333333333	0.311111111111	0.155555555556	0.3
0.222222222222	0.277777777778	0.211111111111	0.288888888889

