MEME version 4

ALPHABET= ACGT

strands: + -

Background letter frequencies (from unknown source)
A 0.250 C 0.250 G 0.250 T 0.250

MOTIF Pfenning_D2pos_Cpu_fold4_1.fwd
letter-probability matrix: alength= 4 w= 21 nsites= 1518 E= 0
0.267457180501	0.220026350461	0.269433465086	0.243083003953
0.278656126482	0.212121212121	0.295783926219	0.213438735178
0.277997364954	0.20092226614	0.308959156785	0.212121212121
0.262187088274	0.222002635046	0.319499341238	0.196310935441
0.304347826087	0.166007905138	0.306324110672	0.223320158103
0.278656126482	0.214756258235	0.351778656126	0.154808959157
0.275362318841	0.146245059289	0.265480895916	0.312911725955
0.179183135705	0.168642951252	0.558629776021	0.0935441370224
0.272068511199	0.179183135705	0.144268774704	0.404479578393
0.0283267457181	0.0197628458498	0.945322793149	0.00658761528327
0.12187088274	0.0500658761528	0.258234519104	0.569828722003
0.261528326746	0.0184453227931	0.699604743083	0.0204216073781
0.0441370223979	0.0197628458498	0.910408432148	0.0256916996047
0.00922266139657	0.00461133069829	0.980895915679	0.00527009222661
0.436100131752	0.233201581028	0.0421607378129	0.288537549407
0.174571805007	0.0158102766798	0.691699604743	0.11791831357
0.133069828722	0.109354413702	0.583662714097	0.173913043478
0.321475625823	0.211462450593	0.287878787879	0.179183135705
0.33465085639	0.128458498024	0.321475625823	0.215415019763
0.293148880105	0.178524374177	0.308300395257	0.220026350461
0.262187088274	0.190382081686	0.283926218709	0.263504611331

MOTIF Pfenning_D2pos_Cpu_fold4_2.fwd
letter-probability matrix: alength= 4 w= 21 nsites= 1047 E= 0
0.277936962751	0.212989493792	0.211079274117	0.297994269341
0.329512893983	0.195797516714	0.23782234957	0.236867239733
0.315186246418	0.140401146132	0.229226361032	0.315186246418
0.30659025788	0.169054441261	0.340974212034	0.183381088825
0.36676217765	0.189111747851	0.159503342884	0.284622731614
0.231136580707	0.240687679083	0.280802292264	0.247373447947
0.105062082139	0.0133715377268	0.00191021967526	0.879656160458
0.00955109837631	0.0124164278892	0.975167144222	0.00286532951289
0.732569245463	0.0267430754537	0.0353390639924	0.205348615091
0.00477554918816	0.988538681948	0.00382043935053	0.00286532951289
0.901623686724	0.0	0.0229226361032	0.0754536771729
0.0974212034384	0.0735434574976	0.678127984718	0.150907354346
0.2741165234	0.238777459408	0.25787965616	0.229226361032
0.234957020057	0.183381088825	0.210124164279	0.371537726839
0.29035339064	0.176695319962	0.184336198663	0.348615090735
0.23400191022	0.226361031519	0.286532951289	0.253104106972
0.320916905444	0.20152817574	0.222540592168	0.255014326648
0.284622731614	0.184336198663	0.249283667622	0.281757402101
0.27029608405	0.172874880611	0.260744985673	0.296084049666
0.2741165234	0.224450811843	0.228271251194	0.273161413563
0.271251193887	0.187201528176	0.255014326648	0.286532951289

MOTIF Pfenning_D2pos_Cpu_fold4_3.fwd
letter-probability matrix: alength= 4 w= 21 nsites= 1001 E= 0
0.234765234765	0.250749250749	0.255744255744	0.258741258741
0.245754245754	0.247752247752	0.234765234765	0.271728271728
0.268731268731	0.21978021978	0.235764235764	0.275724275724
0.245754245754	0.231768231768	0.268731268731	0.253746253746
0.291708291708	0.223776223776	0.223776223776	0.260739260739
0.284715284715	0.215784215784	0.250749250749	0.248751248751
0.26973026973	0.237762237762	0.232767232767	0.25974025974
0.282717282717	0.235764235764	0.22977022977	0.251748251748
0.292707292707	0.180819180819	0.266733266733	0.25974025974
0.251748251748	0.288711288711	0.201798201798	0.257742257742
0.285714285714	0.0969030969031	0.34965034965	0.267732267732
0.0919080919081	0.707292707293	0.133866133866	0.0669330669331
0.415584415584	0.0529470529471	0.0799200799201	0.451548451548
0.03996003996	0.0549450549451	0.871128871129	0.033966033966
0.526473526474	0.00699300699301	0.034965034965	0.431568431568
0.031968031968	0.0	0.922077922078	0.045954045954
0.018981018981	0.955044955045	0.00599400599401	0.01998001998
0.446553446553	0.0669330669331	0.036963036963	0.44955044955
0.11988011988	0.175824175824	0.567432567433	0.136863136863
0.36963036963	0.101898101898	0.178821178821	0.34965034965
0.184815184815	0.191808191808	0.454545454545	0.168831168831

MOTIF Pfenning_D2pos_Cpu_fold4_4.fwd
letter-probability matrix: alength= 4 w= 21 nsites= 747 E= 0
0.283801874163	0.214190093708	0.243641231593	0.258366800535
0.251673360107	0.313253012048	0.19812583668	0.236947791165
0.289156626506	0.239625167336	0.239625167336	0.231593038822
0.210174029451	0.25702811245	0.323962516734	0.208835341365
0.327978580991	0.40562248996	0.0843373493976	0.182061579652
0.322623828648	0.0562248995984	0.267737617135	0.353413654618
0.0602409638554	0.0722891566265	0.748326639893	0.119143239625
0.053547523427	0.918340026774	0.0147255689424	0.0133868808568
0.459170013387	0.0481927710843	0.0200803212851	0.472556894244
0.0200803212851	0.0214190093708	0.918340026774	0.0401606425703
0.00401606425703	0.982597054886	0.0	0.0133868808568
0.376171352075	0.123159303882	0.0267737617135	0.473895582329
0.0763052208835	0.419009370817	0.360107095047	0.144578313253
0.29718875502	0.19812583668	0.179384203481	0.325301204819
0.186077643909	0.289156626506	0.331994645248	0.192771084337
0.311914323963	0.191432396252	0.199464524766	0.29718875502
0.219544846051	0.277108433735	0.294511378849	0.208835341365
0.311914323963	0.223560910308	0.20749665328	0.25702811245
0.259705488621	0.214190093708	0.295850066934	0.230254350736
0.253012048193	0.262382864793	0.226238286479	0.258366800535
0.250334672021	0.244979919679	0.24765729585	0.25702811245

MOTIF Pfenning_D2pos_Cpu_fold4_5.fwd
letter-probability matrix: alength= 4 w= 21 nsites= 668 E= 0
0.26497005988	0.327844311377	0.170658682635	0.236526946108
0.389221556886	0.157185628743	0.146706586826	0.306886227545
0.25	0.173652694611	0.312874251497	0.263473053892
0.318862275449	0.130239520958	0.212574850299	0.338323353293
0.230538922156	0.124251497006	0.407185628743	0.238023952096
0.422155688623	0.109281437126	0.269461077844	0.199101796407
0.688622754491	0.0434131736527	0.191616766467	0.0763473053892
0.61377245509	0.064371257485	0.245508982036	0.0763473053892
0.836826347305	0.0269461077844	0.0793413173653	0.0568862275449
0.688622754491	0.0688622754491	0.172155688623	0.0703592814371
0.853293413174	0.0179640718563	0.101796407186	0.0269461077844
0.681137724551	0.0703592814371	0.139221556886	0.109281437126
0.806886227545	0.0434131736527	0.0883233532934	0.061377245509
0.829341317365	0.0449101796407	0.059880239521	0.0658682634731
0.755988023952	0.0434131736527	0.0808383233533	0.119760479042
0.353293413174	0.194610778443	0.179640718563	0.27245508982
0.625748502994	0.110778443114	0.12874251497	0.134730538922
0.48502994012	0.125748502994	0.152694610778	0.236526946108
0.40119760479	0.184131736527	0.194610778443	0.22005988024
0.333832335329	0.217065868263	0.167664670659	0.281437125749
0.327844311377	0.170658682635	0.202095808383	0.299401197605

MOTIF Pfenning_D2pos_Cpu_fold4_6.fwd
letter-probability matrix: alength= 4 w= 21 nsites= 406 E= 0
0.711822660099	0.0886699507389	0.0837438423645	0.115763546798
0.697044334975	0.0689655172414	0.0689655172414	0.165024630542
0.26354679803	0.0541871921182	0.0886699507389	0.593596059113
0.0985221674877	0.0714285714286	0.142857142857	0.687192118227
0.29802955665	0.37684729064	0.103448275862	0.221674876847
0.391625615764	0.0665024630542	0.137931034483	0.4039408867
0.216748768473	0.179802955665	0.354679802956	0.248768472906
0.327586206897	0.330049261084	0.113300492611	0.229064039409
0.386699507389	0.266009852217	0.147783251232	0.199507389163
0.246305418719	0.142857142857	0.0935960591133	0.51724137931
0.226600985222	0.076354679803	0.384236453202	0.312807881773
0.497536945813	0.197044334975	0.128078817734	0.177339901478
0.283251231527	0.15763546798	0.150246305419	0.408866995074
0.214285714286	0.12315270936	0.258620689655	0.4039408867
0.231527093596	0.477832512315	0.120689655172	0.169950738916
0.42118226601	0.14039408867	0.147783251232	0.290640394089
0.246305418719	0.211822660099	0.273399014778	0.268472906404
0.283251231527	0.21921182266	0.216748768473	0.28078817734
0.229064039409	0.221674876847	0.20197044335	0.347290640394
0.302955665025	0.204433497537	0.224137931034	0.268472906404
0.273399014778	0.160098522167	0.275862068966	0.290640394089

MOTIF Pfenning_D2pos_Cpu_fold4_7.fwd
letter-probability matrix: alength= 4 w= 21 nsites= 398 E= 0
0.326633165829	0.198492462312	0.155778894472	0.319095477387
0.309045226131	0.190954773869	0.211055276382	0.288944723618
0.304020100503	0.180904522613	0.211055276382	0.304020100503
0.29648241206	0.20351758794	0.256281407035	0.243718592965
0.301507537688	0.170854271357	0.268844221106	0.258793969849
0.218592964824	0.160804020101	0.278894472362	0.341708542714
0.160804020101	0.545226130653	0.103015075377	0.190954773869
0.0226130653266	0.155778894472	0.0326633165829	0.788944723618
0.72864321608	0.0276381909548	0.0552763819095	0.188442211055
0.698492462312	0.0201005025126	0.0753768844221	0.206030150754
0.831658291457	0.0125628140704	0.0251256281407	0.130653266332
0.896984924623	0.00251256281407	0.00753768844221	0.0929648241206
0.809045226131	0.00502512562814	0.0125628140704	0.173366834171
0.0527638190955	0.00502512562814	0.00251256281407	0.939698492462
0.972361809045	0.0	0.0201005025126	0.00753768844221
0.140703517588	0.0376884422111	0.738693467337	0.0829145728643
0.324120603015	0.437185929648	0.0929648241206	0.145728643216
0.404522613065	0.183417085427	0.0954773869347	0.316582914573
0.278894472362	0.291457286432	0.143216080402	0.286432160804
0.29648241206	0.258793969849	0.165829145729	0.278894472362
0.241206030151	0.266331658291	0.218592964824	0.273869346734

MOTIF Pfenning_D2pos_Cpu_fold4_8.fwd
letter-probability matrix: alength= 4 w= 21 nsites= 402 E= 0
0.218905472637	0.281094527363	0.221393034826	0.278606965174
0.194029850746	0.221393034826	0.305970149254	0.278606965174
0.238805970149	0.228855721393	0.313432835821	0.218905472637
0.281094527363	0.223880597015	0.271144278607	0.223880597015
0.251243781095	0.223880597015	0.318407960199	0.206467661692
0.303482587065	0.281094527363	0.218905472637	0.196517412935
0.278606965174	0.144278606965	0.410447761194	0.166666666667
0.28855721393	0.310945273632	0.31592039801	0.0845771144279
0.353233830846	0.189054726368	0.261194029851	0.196517412935
0.0746268656716	0.0323383084577	0.845771144279	0.047263681592
0.0248756218905	0.960199004975	0.00746268656716	0.00746268656716
0.00995024875622	0.00497512437811	0.967661691542	0.0174129353234
0.126865671642	0.440298507463	0.276119402985	0.15671641791
0.166666666667	0.106965174129	0.432835820896	0.293532338308
0.0771144278607	0.149253731343	0.646766169154	0.126865671642
0.248756218905	0.358208955224	0.189054726368	0.203980099502
0.23631840796	0.26368159204	0.258706467662	0.241293532338
0.226368159204	0.174129353234	0.3407960199	0.258706467662
0.208955223881	0.251243781095	0.313432835821	0.226368159204
0.256218905473	0.278606965174	0.258706467662	0.206467661692
0.28855721393	0.208955223881	0.26368159204	0.238805970149

MOTIF Pfenning_D2pos_Cpu_fold4_9.fwd
letter-probability matrix: alength= 4 w= 21 nsites= 339 E= 0
0.297935103245	0.206489675516	0.206489675516	0.289085545723
0.256637168142	0.221238938053	0.227138643068	0.294985250737
0.321533923304	0.256637168142	0.200589970501	0.221238938053
0.309734513274	0.22418879056	0.215339233038	0.250737463127
0.244837758112	0.268436578171	0.268436578171	0.218289085546
0.262536873156	0.241887905605	0.265486725664	0.230088495575
0.265486725664	0.185840707965	0.294985250737	0.253687315634
0.386430678466	0.297935103245	0.244837758112	0.070796460177
0.0117994100295	0.00589970501475	0.00294985250737	0.979351032448
0.00589970501475	0.0	0.882005899705	0.11209439528
0.997050147493	0.0	0.0	0.00294985250737
0.070796460177	0.0117994100295	0.834808259587	0.0825958702065
0.00294985250737	0.0	0.00589970501475	0.991150442478
0.0147492625369	0.979351032448	0.0	0.00589970501475
0.976401179941	0.00294985250737	0.00884955752212	0.0117994100295
0.047197640118	0.300884955752	0.227138643068	0.424778761062
0.274336283186	0.265486725664	0.165191740413	0.294985250737
0.233038348083	0.256637168142	0.241887905605	0.268436578171
0.188790560472	0.30383480826	0.238938053097	0.268436578171
0.244837758112	0.23598820059	0.197640117994	0.321533923304
0.244837758112	0.238938053097	0.227138643068	0.289085545723

MOTIF Pfenning_D2pos_Cpu_fold4_10.fwd
letter-probability matrix: alength= 4 w= 21 nsites= 265 E= 0
0.252830188679	0.230188679245	0.181132075472	0.335849056604
0.316981132075	0.31320754717	0.166037735849	0.203773584906
0.0754716981132	0.241509433962	0.2	0.483018867925
0.388679245283	0.0981132075472	0.381132075472	0.132075471698
0.0792452830189	0.422641509434	0.396226415094	0.101886792453
0.0528301886792	0.358490566038	0.0150943396226	0.57358490566
0.0415094339623	0.011320754717	0.822641509434	0.124528301887
0.0452830188679	0.943396226415	0.00377358490566	0.00754716981132
0.00754716981132	0.981132075472	0.0	0.011320754717
0.490566037736	0.479245283019	0.0150943396226	0.0150943396226
0.00377358490566	0.547169811321	0.0	0.449056603774
0.00377358490566	0.988679245283	0.0	0.00754716981132
0.0188679245283	0.0377358490566	0.011320754717	0.932075471698
0.467924528302	0.00754716981132	0.347169811321	0.177358490566
0.022641509434	0.275471698113	0.649056603774	0.0528301886792
0.116981132075	0.0415094339623	0.011320754717	0.830188679245
0.0	0.00377358490566	0.996226415094	0.0
0.0452830188679	0.0301886792453	0.803773584906	0.120754716981
0.139622641509	0.415094339623	0.0830188679245	0.362264150943
0.211320754717	0.4	0.143396226415	0.245283018868
0.441509433962	0.109433962264	0.283018867925	0.166037735849

MOTIF Pfenning_D2pos_Cpu_fold4_11.fwd
letter-probability matrix: alength= 4 w= 21 nsites= 176 E= 0
0.306818181818	0.210227272727	0.278409090909	0.204545454545
0.255681818182	0.335227272727	0.164772727273	0.244318181818
0.448863636364	0.159090909091	0.176136363636	0.215909090909
0.340909090909	0.142045454545	0.164772727273	0.352272727273
0.295454545455	0.102272727273	0.340909090909	0.261363636364
0.323863636364	0.210227272727	0.193181818182	0.272727272727
0.289772727273	0.0625	0.102272727273	0.545454545455
0.960227272727	0.0113636363636	0.0227272727273	0.00568181818182
0.971590909091	0.0	0.0	0.0284090909091
0.0227272727273	0.0	0.00568181818182	0.971590909091
0.0	0.00568181818182	0.0113636363636	0.982954545455
0.602272727273	0.210227272727	0.0397727272727	0.147727272727
0.352272727273	0.125	0.136363636364	0.386363636364
0.193181818182	0.210227272727	0.215909090909	0.380681818182
0.1875	0.380681818182	0.153409090909	0.278409090909
0.323863636364	0.204545454545	0.153409090909	0.318181818182
0.244318181818	0.267045454545	0.142045454545	0.346590909091
0.267045454545	0.244318181818	0.136363636364	0.352272727273
0.261363636364	0.255681818182	0.119318181818	0.363636363636
0.227272727273	0.193181818182	0.25	0.329545454545
0.278409090909	0.176136363636	0.25	0.295454545455

MOTIF Pfenning_D2pos_Cpu_fold4_12.fwd
letter-probability matrix: alength= 4 w= 21 nsites= 137 E= 0
0.240875912409	0.197080291971	0.248175182482	0.313868613139
0.29197080292	0.21897810219	0.204379562044	0.284671532847
0.299270072993	0.211678832117	0.226277372263	0.262773722628
0.328467153285	0.240875912409	0.197080291971	0.233576642336
0.328467153285	0.197080291971	0.189781021898	0.284671532847
0.226277372263	0.124087591241	0.14598540146	0.503649635036
0.138686131387	0.0875912408759	0.343065693431	0.430656934307
0.262773722628	0.357664233577	0.160583941606	0.21897810219
0.416058394161	0.131386861314	0.116788321168	0.335766423358
0.671532846715	0.0729927007299	0.0729927007299	0.182481751825
0.627737226277	0.102189781022	0.029197080292	0.240875912409
0.204379562044	0.0656934306569	0.0802919708029	0.649635036496
0.0802919708029	0.131386861314	0.189781021898	0.598540145985
0.335766423358	0.299270072993	0.167883211679	0.197080291971
0.474452554745	0.036496350365	0.197080291971	0.29197080292
0.211678832117	0.153284671533	0.430656934307	0.204379562044
0.21897810219	0.386861313869	0.0875912408759	0.306569343066
0.343065693431	0.321167883212	0.175182481752	0.160583941606
0.306569343066	0.109489051095	0.124087591241	0.459854014599
0.211678832117	0.0875912408759	0.423357664234	0.277372262774
0.642335766423	0.109489051095	0.0729927007299	0.175182481752

MOTIF Pfenning_D2pos_Cpu_fold4_13.fwd
letter-probability matrix: alength= 4 w= 21 nsites= 137 E= 0
0.357664233577	0.248175182482	0.182481751825	0.211678832117
0.29197080292	0.233576642336	0.160583941606	0.313868613139
0.240875912409	0.226277372263	0.175182481752	0.357664233577
0.211678832117	0.233576642336	0.204379562044	0.350364963504
0.335766423358	0.189781021898	0.197080291971	0.277372262774
0.270072992701	0.197080291971	0.270072992701	0.262773722628
0.262773722628	0.248175182482	0.284671532847	0.204379562044
0.255474452555	0.313868613139	0.131386861314	0.299270072993
0.29197080292	0.306569343066	0.21897810219	0.182481751825
0.233576642336	0.0729927007299	0.0875912408759	0.605839416058
0.0875912408759	0.0729927007299	0.554744525547	0.284671532847
0.0875912408759	0.56204379562	0.0948905109489	0.255474452555
0.372262773723	0.0583941605839	0.0948905109489	0.474452554745
0.78102189781	0.102189781022	0.036496350365	0.0802919708029
0.744525547445	0.0729927007299	0.014598540146	0.167883211679
0.0656934306569	0.029197080292	0.0583941605839	0.846715328467
0.153284671533	0.116788321168	0.255474452555	0.474452554745
0.467153284672	0.313868613139	0.0583941605839	0.160583941606
0.386861313869	0.131386861314	0.204379562044	0.277372262774
0.116788321168	0.248175182482	0.313868613139	0.321167883212
0.284671532847	0.21897810219	0.153284671533	0.343065693431

MOTIF Pfenning_D2pos_Cpu_fold4_14.fwd
letter-probability matrix: alength= 4 w= 21 nsites= 108 E= 0
0.287037037037	0.25	0.194444444444	0.268518518519
0.287037037037	0.157407407407	0.212962962963	0.342592592593
0.222222222222	0.203703703704	0.287037037037	0.287037037037
0.407407407407	0.185185185185	0.12962962963	0.277777777778
0.194444444444	0.296296296296	0.287037037037	0.222222222222
0.268518518519	0.148148148148	0.268518518519	0.314814814815
0.268518518519	0.185185185185	0.361111111111	0.185185185185
0.0	0.00925925925926	0.0	0.990740740741
0.0	0.0	0.0	1.0
1.0	0.0	0.0	0.0
0.0	0.0555555555556	0.0	0.944444444444
0.194444444444	0.0	0.796296296296	0.00925925925926
0.0740740740741	0.231481481481	0.0	0.694444444444
0.990740740741	0.00925925925926	0.0	0.0
0.981481481481	0.0	0.0	0.0185185185185
0.157407407407	0.259259259259	0.314814814815	0.268518518519
0.314814814815	0.296296296296	0.148148148148	0.240740740741
0.342592592593	0.212962962963	0.231481481481	0.212962962963
0.212962962963	0.240740740741	0.240740740741	0.305555555556
0.259259259259	0.231481481481	0.185185185185	0.324074074074
0.296296296296	0.185185185185	0.138888888889	0.37962962963

MOTIF Pfenning_D2pos_Cpu_fold4_15.fwd
letter-probability matrix: alength= 4 w= 21 nsites= 85 E= 0
0.211764705882	0.294117647059	0.247058823529	0.247058823529
0.305882352941	0.235294117647	0.247058823529	0.211764705882
0.176470588235	0.376470588235	0.235294117647	0.211764705882
0.270588235294	0.2	0.294117647059	0.235294117647
0.141176470588	0.0941176470588	0.494117647059	0.270588235294
0.0470588235294	0.258823529412	0.105882352941	0.588235294118
0.141176470588	0.0352941176471	0.0823529411765	0.741176470588
0.141176470588	0.188235294118	0.470588235294	0.2
0.0352941176471	0.952941176471	0.0	0.0117647058824
0.0823529411765	0.447058823529	0.0352941176471	0.435294117647
0.164705882353	0.0235294117647	0.0823529411765	0.729411764706
0.6	0.0	0.341176470588	0.0588235294118
0.0117647058824	0.0	0.988235294118	0.0
0.188235294118	0.764705882353	0.0235294117647	0.0235294117647
0.882352941176	0.0117647058824	0.0470588235294	0.0588235294118
0.729411764706	0.0352941176471	0.164705882353	0.0705882352941
0.0588235294118	0.8	0.0705882352941	0.0705882352941
0.352941176471	0.258823529412	0.105882352941	0.282352941176
0.258823529412	0.223529411765	0.423529411765	0.0941176470588
0.294117647059	0.247058823529	0.188235294118	0.270588235294
0.258823529412	0.223529411765	0.258823529412	0.258823529412

MOTIF Pfenning_D2pos_Cpu_fold4_16.fwd
letter-probability matrix: alength= 4 w= 21 nsites= 82 E= 0
0.378048780488	0.158536585366	0.219512195122	0.243902439024
0.170731707317	0.329268292683	0.280487804878	0.219512195122
0.329268292683	0.146341463415	0.329268292683	0.19512195122
0.280487804878	0.0487804878049	0.621951219512	0.0487804878049
0.134146341463	0.0487804878049	0.0731707317073	0.743902439024
0.207317073171	0.30487804878	0.0	0.487804878049
0.353658536585	0.0609756097561	0.19512195122	0.390243902439
0.0	0.939024390244	0.0	0.0609756097561
0.0	0.914634146341	0.0121951219512	0.0731707317073
0.743902439024	0.0853658536585	0.0121951219512	0.158536585366
0.0975609756098	0.0243902439024	0.0609756097561	0.817073170732
0.182926829268	0.0	0.817073170732	0.0
0.0	0.0	1.0	0.0
0.329268292683	0.609756097561	0.0121951219512	0.0487804878049
0.914634146341	0.0121951219512	0.0609756097561	0.0121951219512
0.987804878049	0.0	0.0121951219512	0.0
0.0	0.987804878049	0.0121951219512	0.0
0.463414634146	0.341463414634	0.134146341463	0.0609756097561
0.268292682927	0.231707317073	0.353658536585	0.146341463415
0.317073170732	0.243902439024	0.243902439024	0.19512195122
0.353658536585	0.292682926829	0.158536585366	0.19512195122

MOTIF Pfenning_D2pos_Cpu_fold4_17.fwd
letter-probability matrix: alength= 4 w= 21 nsites= 64 E= 0
0.234375	0.296875	0.234375	0.234375
0.234375	0.28125	0.21875	0.265625
0.34375	0.296875	0.0625	0.296875
0.328125	0.265625	0.203125	0.203125
0.28125	0.234375	0.25	0.234375
0.375	0.296875	0.203125	0.125
0.234375	0.0	0.15625	0.609375
0.0	0.0	1.0	0.0
0.578125	0.203125	0.078125	0.140625
0.078125	0.90625	0.0	0.015625
0.0	1.0	0.0	0.0
0.34375	0.546875	0.015625	0.09375
0.0625	0.625	0.203125	0.109375
0.25	0.21875	0.125	0.40625
0.21875	0.1875	0.375	0.21875
0.171875	0.265625	0.34375	0.21875
0.3125	0.296875	0.21875	0.171875
0.296875	0.3125	0.09375	0.296875
0.203125	0.3125	0.078125	0.40625
0.265625	0.28125	0.203125	0.25
0.28125	0.234375	0.234375	0.25

MOTIF Pfenning_D2pos_Cpu_fold4_18.fwd
letter-probability matrix: alength= 4 w= 21 nsites= 53 E= 0
0.22641509434	0.188679245283	0.301886792453	0.283018867925
0.339622641509	0.207547169811	0.245283018868	0.207547169811
0.132075471698	0.301886792453	0.188679245283	0.377358490566
0.245283018868	0.150943396226	0.339622641509	0.264150943396
0.264150943396	0.339622641509	0.150943396226	0.245283018868
0.358490566038	0.188679245283	0.22641509434	0.22641509434
0.339622641509	0.169811320755	0.207547169811	0.283018867925
0.320754716981	0.0943396226415	0.339622641509	0.245283018868
0.301886792453	0.0754716981132	0.188679245283	0.433962264151
0.301886792453	0.207547169811	0.207547169811	0.283018867925
0.283018867925	0.188679245283	0.169811320755	0.358490566038
0.584905660377	0.0566037735849	0.132075471698	0.22641509434
0.88679245283	0.0377358490566	0.0188679245283	0.0566037735849
0.547169811321	0.0188679245283	0.0188679245283	0.415094339623
0.0188679245283	0.0377358490566	0.0	0.943396226415
0.0566037735849	0.0377358490566	0.0566037735849	0.849056603774
0.11320754717	0.77358490566	0.0188679245283	0.0943396226415
0.641509433962	0.0754716981132	0.0188679245283	0.264150943396
0.11320754717	0.11320754717	0.716981132075	0.0566037735849
0.433962264151	0.339622641509	0.0377358490566	0.188679245283
0.377358490566	0.11320754717	0.245283018868	0.264150943396

MOTIF Pfenning_D2pos_Cpu_fold4_19.fwd
letter-probability matrix: alength= 4 w= 21 nsites= 54 E= 0
0.0	0.0	1.0	0.0
0.796296296296	0.148148148148	0.0	0.0555555555556
0.851851851852	0.0	0.0740740740741	0.0740740740741
0.111111111111	0.777777777778	0.0740740740741	0.037037037037
0.888888888889	0.0185185185185	0.0185185185185	0.0740740740741
0.277777777778	0.0740740740741	0.444444444444	0.203703703704
0.351851851852	0.0740740740741	0.166666666667	0.407407407407
0.333333333333	0.185185185185	0.314814814815	0.166666666667
0.314814814815	0.222222222222	0.111111111111	0.351851851852
0.111111111111	0.277777777778	0.203703703704	0.407407407407
0.259259259259	0.166666666667	0.240740740741	0.333333333333
0.203703703704	0.277777777778	0.259259259259	0.259259259259
0.481481481481	0.185185185185	0.0740740740741	0.259259259259
0.166666666667	0.203703703704	0.277777777778	0.351851851852
0.240740740741	0.148148148148	0.222222222222	0.388888888889
0.166666666667	0.296296296296	0.259259259259	0.277777777778
0.37037037037	0.166666666667	0.259259259259	0.203703703704
0.425925925926	0.111111111111	0.0925925925926	0.37037037037
0.277777777778	0.277777777778	0.203703703704	0.240740740741
0.148148148148	0.333333333333	0.148148148148	0.37037037037
0.203703703704	0.259259259259	0.148148148148	0.388888888889

