MEME version 4

ALPHABET= ACGT

strands: + -

Background letter frequencies (from unknown source)
A 0.250 C 0.250 G 0.250 T 0.250

MOTIF Pfenning_D1pos_Cpu_fold3_1.fwd
letter-probability matrix: alength= 4 w= 21 nsites= 1024 E= 0
0.2763671875	0.2421875	0.21484375	0.2666015625
0.2861328125	0.2265625	0.216796875	0.2705078125
0.279296875	0.2353515625	0.2216796875	0.263671875
0.2744140625	0.2646484375	0.18359375	0.27734375
0.2880859375	0.216796875	0.2138671875	0.28125
0.2744140625	0.2578125	0.1923828125	0.275390625
0.28515625	0.2197265625	0.2265625	0.2685546875
0.3486328125	0.2275390625	0.1826171875	0.2412109375
0.2158203125	0.015625	0.2666015625	0.501953125
0.01171875	0.0009765625	0.9833984375	0.00390625
0.38671875	0.048828125	0.248046875	0.31640625
0.00390625	0.9921875	0.0029296875	0.0009765625
0.001953125	0.9892578125	0.0009765625	0.0078125
0.6650390625	0.1357421875	0.009765625	0.189453125
0.240234375	0.2177734375	0.2099609375	0.33203125
0.23828125	0.255859375	0.232421875	0.2734375
0.3056640625	0.203125	0.2255859375	0.265625
0.2705078125	0.2275390625	0.2119140625	0.2900390625
0.2734375	0.224609375	0.2314453125	0.2705078125
0.2509765625	0.2158203125	0.232421875	0.30078125
0.29296875	0.2216796875	0.2138671875	0.271484375

MOTIF Pfenning_D1pos_Cpu_fold3_2.fwd
letter-probability matrix: alength= 4 w= 21 nsites= 386 E= 0
0.430051813472	0.163212435233	0.155440414508	0.251295336788
0.450777202073	0.147668393782	0.145077720207	0.256476683938
0.510362694301	0.147668393782	0.145077720207	0.19689119171
0.437823834197	0.155440414508	0.139896373057	0.266839378238
0.512953367876	0.142487046632	0.108808290155	0.235751295337
0.5	0.170984455959	0.134715025907	0.194300518135
0.69689119171	0.0984455958549	0.142487046632	0.0621761658031
0.360103626943	0.222797927461	0.0673575129534	0.349740932642
0.751295336788	0.194300518135	0.0103626943005	0.0440414507772
0.875647668394	0.0336787564767	0.00518134715026	0.0854922279793
0.919689119171	0.0492227979275	0.0233160621762	0.00777202072539
0.217616580311	0.40932642487	0.0699481865285	0.30310880829
0.862694300518	0.0492227979275	0.0181347150259	0.0699481865285
0.678756476684	0.103626943005	0.0492227979275	0.168393782383
0.580310880829	0.121761658031	0.103626943005	0.194300518135
0.375647668394	0.225388601036	0.116580310881	0.282383419689
0.50518134715	0.134715025907	0.108808290155	0.251295336788
0.466321243523	0.158031088083	0.132124352332	0.243523316062
0.422279792746	0.139896373057	0.163212435233	0.274611398964
0.414507772021	0.145077720207	0.181347150259	0.259067357513
0.435233160622	0.173575129534	0.155440414508	0.235751295337

MOTIF Pfenning_D1pos_Cpu_fold3_3.fwd
letter-probability matrix: alength= 4 w= 21 nsites= 276 E= 0
0.271739130435	0.199275362319	0.246376811594	0.282608695652
0.311594202899	0.20652173913	0.217391304348	0.264492753623
0.311594202899	0.224637681159	0.163043478261	0.300724637681
0.297101449275	0.188405797101	0.213768115942	0.300724637681
0.329710144928	0.210144927536	0.159420289855	0.300724637681
0.304347826087	0.177536231884	0.228260869565	0.289855072464
0.260869565217	0.25	0.144927536232	0.344202898551
0.449275362319	0.177536231884	0.195652173913	0.177536231884
0.155797101449	0.300724637681	0.0833333333333	0.460144927536
0.405797101449	0.394927536232	0.163043478261	0.036231884058
0.0217391304348	0.340579710145	0.0108695652174	0.626811594203
0.971014492754	0.0036231884058	0.0253623188406	0.0
0.0036231884058	0.0797101449275	0.0108695652174	0.905797101449
0.938405797101	0.018115942029	0.0434782608696	0.0
0.0217391304348	0.652173913043	0.0471014492754	0.278985507246
0.398550724638	0.307971014493	0.141304347826	0.152173913043
0.268115942029	0.213768115942	0.0869565217391	0.43115942029
0.340579710145	0.141304347826	0.188405797101	0.329710144928
0.31884057971	0.289855072464	0.166666666667	0.224637681159
0.376811594203	0.141304347826	0.177536231884	0.304347826087
0.315217391304	0.192028985507	0.213768115942	0.278985507246

MOTIF Pfenning_D1pos_Cpu_fold3_4.fwd
letter-probability matrix: alength= 4 w= 21 nsites= 241 E= 0
0.278008298755	0.215767634855	0.215767634855	0.290456431535
0.253112033195	0.253112033195	0.236514522822	0.257261410788
0.248962655602	0.253112033195	0.224066390041	0.273858921162
0.302904564315	0.236514522822	0.203319502075	0.257261410788
0.248962655602	0.253112033195	0.240663900415	0.257261410788
0.269709543568	0.224066390041	0.286307053942	0.219917012448
0.327800829876	0.290456431535	0.157676348548	0.224066390041
0.336099585062	0.286307053942	0.186721991701	0.190871369295
0.257261410788	0.302904564315	0.195020746888	0.244813278008
0.269709543568	0.46887966805	0.0829875518672	0.178423236515
0.0788381742739	0.539419087137	0.136929460581	0.244813278008
0.850622406639	0.0373443983402	0.0705394190871	0.0414937759336
0.0207468879668	0.00414937759336	0.0	0.97510373444
0.0373443983402	0.0	0.954356846473	0.00829875518672
0.0373443983402	0.0331950207469	0.871369294606	0.0580912863071
0.278008298755	0.224066390041	0.211618257261	0.286307053942
0.190871369295	0.282157676349	0.253112033195	0.273858921162
0.278008298755	0.207468879668	0.244813278008	0.269709543568
0.278008298755	0.261410788382	0.186721991701	0.273858921162
0.269709543568	0.257261410788	0.244813278008	0.228215767635
0.298755186722	0.186721991701	0.244813278008	0.269709543568

MOTIF Pfenning_D1pos_Cpu_fold3_5.fwd
letter-probability matrix: alength= 4 w= 21 nsites= 140 E= 0
0.307142857143	0.164285714286	0.357142857143	0.171428571429
0.235714285714	0.178571428571	0.357142857143	0.228571428571
0.285714285714	0.2	0.264285714286	0.25
0.278571428571	0.221428571429	0.235714285714	0.264285714286
0.285714285714	0.185714285714	0.264285714286	0.264285714286
0.192857142857	0.164285714286	0.428571428571	0.214285714286
0.221428571429	0.114285714286	0.464285714286	0.2
0.242857142857	0.128571428571	0.428571428571	0.2
0.235714285714	0.164285714286	0.371428571429	0.228571428571
0.2	0.185714285714	0.257142857143	0.357142857143
0.364285714286	0.0214285714286	0.385714285714	0.228571428571
0.135714285714	0.00714285714286	0.707142857143	0.15
0.0142857142857	0.0	0.964285714286	0.0214285714286
0.0142857142857	0.0	0.978571428571	0.00714285714286
0.0	0.0	1.0	0.0
0.0714285714286	0.0214285714286	0.485714285714	0.421428571429
0.0857142857143	0.678571428571	0.0714285714286	0.164285714286
0.314285714286	0.107142857143	0.135714285714	0.442857142857
0.2	0.307142857143	0.185714285714	0.307142857143
0.307142857143	0.307142857143	0.128571428571	0.257142857143
0.342857142857	0.214285714286	0.192857142857	0.25

MOTIF Pfenning_D1pos_Cpu_fold3_6.fwd
letter-probability matrix: alength= 4 w= 21 nsites= 120 E= 0
0.375	0.216666666667	0.158333333333	0.25
0.458333333333	0.158333333333	0.191666666667	0.191666666667
0.441666666667	0.166666666667	0.133333333333	0.258333333333
0.441666666667	0.175	0.216666666667	0.166666666667
0.433333333333	0.208333333333	0.2	0.158333333333
0.533333333333	0.2	0.0916666666667	0.175
0.566666666667	0.2	0.133333333333	0.1
0.4	0.3	0.05	0.25
0.55	0.333333333333	0.025	0.0916666666667
0.9	0.0666666666667	0.0333333333333	0.0
0.608333333333	0.325	0.0333333333333	0.0333333333333
0.05	0.941666666667	0.00833333333333	0.0
0.958333333333	0.0333333333333	0.0	0.00833333333333
0.925	0.0416666666667	0.00833333333333	0.025
0.275	0.541666666667	0.0666666666667	0.116666666667
0.625	0.225	0.0333333333333	0.116666666667
0.575	0.133333333333	0.0916666666667	0.2
0.441666666667	0.175	0.175	0.208333333333
0.458333333333	0.2	0.0333333333333	0.308333333333
0.4	0.2	0.158333333333	0.241666666667
0.425	0.183333333333	0.116666666667	0.275

MOTIF Pfenning_D1pos_Cpu_fold3_7.fwd
letter-probability matrix: alength= 4 w= 21 nsites= 84 E= 0
0.297619047619	0.190476190476	0.261904761905	0.25
0.214285714286	0.261904761905	0.297619047619	0.22619047619
0.285714285714	0.25	0.142857142857	0.321428571429
0.25	0.285714285714	0.202380952381	0.261904761905
0.214285714286	0.309523809524	0.27380952381	0.202380952381
0.285714285714	0.202380952381	0.190476190476	0.321428571429
0.309523809524	0.22619047619	0.27380952381	0.190476190476
0.214285714286	0.119047619048	0.452380952381	0.214285714286
0.0595238095238	0.0357142857143	0.178571428571	0.72619047619
0.369047619048	0.0595238095238	0.488095238095	0.0833333333333
0.238095238095	0.214285714286	0.464285714286	0.0833333333333
0.0833333333333	0.0119047619048	0.0238095238095	0.880952380952
0.214285714286	0.0	0.761904761905	0.0238095238095
0.0	0.0	1.0	0.0
0.0595238095238	0.0357142857143	0.0714285714286	0.833333333333
0.440476190476	0.0595238095238	0.321428571429	0.178571428571
0.190476190476	0.261904761905	0.333333333333	0.214285714286
0.345238095238	0.119047619048	0.154761904762	0.380952380952
0.27380952381	0.202380952381	0.285714285714	0.238095238095
0.27380952381	0.190476190476	0.345238095238	0.190476190476
0.261904761905	0.297619047619	0.22619047619	0.214285714286

MOTIF Pfenning_D1pos_Cpu_fold3_8.fwd
letter-probability matrix: alength= 4 w= 21 nsites= 84 E= 0
0.25	0.22619047619	0.190476190476	0.333333333333
0.333333333333	0.190476190476	0.238095238095	0.238095238095
0.22619047619	0.154761904762	0.297619047619	0.321428571429
0.261904761905	0.202380952381	0.238095238095	0.297619047619
0.25	0.261904761905	0.25	0.238095238095
0.309523809524	0.202380952381	0.238095238095	0.25
0.261904761905	0.130952380952	0.190476190476	0.416666666667
0.333333333333	0.119047619048	0.392857142857	0.154761904762
0.464285714286	0.0952380952381	0.309523809524	0.130952380952
0.047619047619	0.0	0.0238095238095	0.928571428571
0.119047619048	0.0	0.857142857143	0.0238095238095
0.0357142857143	0.0	0.952380952381	0.0119047619048
0.0119047619048	0.0	0.0119047619048	0.97619047619
0.190476190476	0.0119047619048	0.702380952381	0.0952380952381
0.0595238095238	0.0595238095238	0.857142857143	0.0238095238095
0.22619047619	0.130952380952	0.142857142857	0.5
0.392857142857	0.047619047619	0.333333333333	0.22619047619
0.285714285714	0.238095238095	0.27380952381	0.202380952381
0.285714285714	0.202380952381	0.178571428571	0.333333333333
0.285714285714	0.154761904762	0.321428571429	0.238095238095
0.27380952381	0.166666666667	0.392857142857	0.166666666667

MOTIF Pfenning_D1pos_Cpu_fold3_9.fwd
letter-probability matrix: alength= 4 w= 21 nsites= 69 E= 0
0.260869565217	0.275362318841	0.289855072464	0.173913043478
0.260869565217	0.202898550725	0.260869565217	0.275362318841
0.217391304348	0.31884057971	0.217391304348	0.246376811594
0.202898550725	0.246376811594	0.304347826087	0.246376811594
0.246376811594	0.188405797101	0.231884057971	0.333333333333
0.260869565217	0.130434782609	0.391304347826	0.217391304348
0.0579710144928	0.0144927536232	0.840579710145	0.0869565217391
0.0434782608696	0.0144927536232	0.927536231884	0.0144927536232
0.159420289855	0.115942028986	0.173913043478	0.550724637681
0.0434782608696	0.811594202899	0.0	0.144927536232
0.333333333333	0.405797101449	0.0579710144928	0.202898550725
0.159420289855	0.101449275362	0.130434782609	0.608695652174
0.217391304348	0.0434782608696	0.391304347826	0.347826086957
0.0144927536232	0.0	0.971014492754	0.0144927536232
0.0724637681159	0.0434782608696	0.840579710145	0.0434782608696
0.188405797101	0.391304347826	0.144927536232	0.275362318841
0.0579710144928	0.826086956522	0.0144927536232	0.101449275362
0.231884057971	0.289855072464	0.0579710144928	0.420289855072
0.260869565217	0.202898550725	0.159420289855	0.376811594203
0.188405797101	0.173913043478	0.391304347826	0.246376811594
0.130434782609	0.202898550725	0.36231884058	0.304347826087

MOTIF Pfenning_D1pos_Cpu_fold3_10.fwd
letter-probability matrix: alength= 4 w= 21 nsites= 90 E= 0
0.177777777778	0.177777777778	0.0666666666667	0.577777777778
0.222222222222	0.155555555556	0.377777777778	0.244444444444
0.166666666667	0.122222222222	0.0777777777778	0.633333333333
0.288888888889	0.111111111111	0.388888888889	0.211111111111
0.122222222222	0.0777777777778	0.0444444444444	0.755555555556
0.177777777778	0.122222222222	0.444444444444	0.255555555556
0.144444444444	0.111111111111	0.0666666666667	0.677777777778
0.2	0.0888888888889	0.533333333333	0.177777777778
0.0555555555556	0.0444444444444	0.0111111111111	0.888888888889
0.2	0.0444444444444	0.666666666667	0.0888888888889
0.0222222222222	0.0333333333333	0.0444444444444	0.9
0.0777777777778	0.122222222222	0.755555555556	0.0444444444444
0.0	0.0	0.0	1.0
0.166666666667	0.0222222222222	0.777777777778	0.0333333333333
0.0	0.0111111111111	0.0	0.988888888889
0.2	0.0777777777778	0.533333333333	0.188888888889
0.0111111111111	0.0222222222222	0.1	0.866666666667
0.288888888889	0.0555555555556	0.544444444444	0.111111111111
0.0111111111111	0.0777777777778	0.0777777777778	0.833333333333
0.166666666667	0.155555555556	0.533333333333	0.144444444444
0.1	0.0666666666667	0.0555555555556	0.777777777778

MOTIF Pfenning_D1pos_Cpu_fold3_11.fwd
letter-probability matrix: alength= 4 w= 21 nsites= 48 E= 0
0.0833333333333	0.291666666667	0.270833333333	0.354166666667
0.291666666667	0.3125	0.145833333333	0.25
0.291666666667	0.25	0.166666666667	0.291666666667
0.416666666667	0.25	0.145833333333	0.1875
0.3125	0.166666666667	0.25	0.270833333333
0.166666666667	0.166666666667	0.375	0.291666666667
0.4375	0.1875	0.270833333333	0.104166666667
0.229166666667	0.166666666667	0.458333333333	0.145833333333
0.0208333333333	0.0	0.0	0.979166666667
0.875	0.0208333333333	0.0625	0.0416666666667
0.0416666666667	0.0208333333333	0.9375	0.0
0.0416666666667	0.9375	0.0208333333333	0.0
0.0	1.0	0.0	0.0
0.895833333333	0.0	0.0	0.104166666667
0.104166666667	0.229166666667	0.104166666667	0.5625
0.229166666667	0.1875	0.291666666667	0.291666666667
0.3125	0.125	0.3125	0.25
0.229166666667	0.166666666667	0.145833333333	0.458333333333
0.354166666667	0.25	0.25	0.145833333333
0.333333333333	0.104166666667	0.25	0.3125
0.270833333333	0.25	0.208333333333	0.270833333333

MOTIF Pfenning_D1pos_Cpu_fold3_12.fwd
letter-probability matrix: alength= 4 w= 21 nsites= 41 E= 0
0.170731707317	0.268292682927	0.268292682927	0.292682926829
0.317073170732	0.365853658537	0.121951219512	0.19512195122
0.414634146341	0.19512195122	0.146341463415	0.243902439024
0.170731707317	0.170731707317	0.292682926829	0.365853658537
0.243902439024	0.243902439024	0.317073170732	0.19512195122
0.146341463415	0.243902439024	0.268292682927	0.341463414634
0.0731707317073	0.780487804878	0.121951219512	0.0243902439024
0.317073170732	0.0243902439024	0.0	0.658536585366
0.0243902439024	0.0243902439024	0.951219512195	0.0
0.121951219512	0.0	0.0243902439024	0.853658536585
0.0	0.975609756098	0.0	0.0243902439024
0.975609756098	0.0	0.0	0.0243902439024
0.0731707317073	0.268292682927	0.317073170732	0.341463414634
0.390243902439	0.19512195122	0.268292682927	0.146341463415
0.121951219512	0.365853658537	0.243902439024	0.268292682927
0.243902439024	0.19512195122	0.268292682927	0.292682926829
0.170731707317	0.292682926829	0.268292682927	0.268292682927
0.268292682927	0.170731707317	0.243902439024	0.317073170732
0.219512195122	0.19512195122	0.268292682927	0.317073170732
0.19512195122	0.268292682927	0.292682926829	0.243902439024
0.317073170732	0.0487804878049	0.292682926829	0.341463414634

MOTIF Pfenning_D1pos_Cpu_fold3_13.fwd
letter-probability matrix: alength= 4 w= 21 nsites= 46 E= 0
0.282608695652	0.326086956522	0.304347826087	0.0869565217391
0.282608695652	0.173913043478	0.217391304348	0.326086956522
0.195652173913	0.195652173913	0.260869565217	0.347826086957
0.239130434783	0.239130434783	0.217391304348	0.304347826087
0.260869565217	0.217391304348	0.347826086957	0.173913043478
0.326086956522	0.239130434783	0.217391304348	0.217391304348
0.195652173913	0.173913043478	0.45652173913	0.173913043478
0.434782608696	0.217391304348	0.173913043478	0.173913043478
0.217391304348	0.717391304348	0.0	0.0652173913043
0.0434782608696	0.891304347826	0.0217391304348	0.0434782608696
0.869565217391	0.0434782608696	0.0217391304348	0.0652173913043
0.608695652174	0.108695652174	0.0652173913043	0.217391304348
0.0	1.0	0.0	0.0
0.521739130435	0.45652173913	0.0	0.0217391304348
0.673913043478	0.173913043478	0.0217391304348	0.130434782609
0.195652173913	0.45652173913	0.108695652174	0.239130434783
0.45652173913	0.217391304348	0.217391304348	0.108695652174
0.45652173913	0.0869565217391	0.217391304348	0.239130434783
0.282608695652	0.239130434783	0.217391304348	0.260869565217
0.326086956522	0.130434782609	0.195652173913	0.347826086957
0.282608695652	0.217391304348	0.260869565217	0.239130434783

MOTIF Pfenning_D1pos_Cpu_fold3_14.fwd
letter-probability matrix: alength= 4 w= 21 nsites= 31 E= 0
0.322580645161	0.161290322581	0.161290322581	0.354838709677
0.225806451613	0.290322580645	0.258064516129	0.225806451613
0.322580645161	0.0967741935484	0.193548387097	0.387096774194
0.129032258065	0.290322580645	0.387096774194	0.193548387097
0.193548387097	0.225806451613	0.193548387097	0.387096774194
0.0322580645161	0.516129032258	0.41935483871	0.0322580645161
0.0	0.0	0.0	1.0
0.0322580645161	0.129032258065	0.806451612903	0.0322580645161
0.806451612903	0.0	0.0645161290323	0.129032258065
0.0	0.129032258065	0.870967741935	0.0
0.129032258065	0.0322580645161	0.0322580645161	0.806451612903
0.0	0.903225806452	0.0967741935484	0.0
0.903225806452	0.0322580645161	0.0322580645161	0.0322580645161
0.129032258065	0.225806451613	0.161290322581	0.483870967742
0.258064516129	0.161290322581	0.258064516129	0.322580645161
0.322580645161	0.193548387097	0.258064516129	0.225806451613
0.258064516129	0.41935483871	0.161290322581	0.161290322581
0.258064516129	0.161290322581	0.225806451613	0.354838709677
0.193548387097	0.193548387097	0.322580645161	0.290322580645
0.354838709677	0.161290322581	0.161290322581	0.322580645161
0.0967741935484	0.354838709677	0.290322580645	0.258064516129

