MEME version 4

ALPHABET= ACGT

strands: + -

Background letter frequencies (from unknown source)
A 0.250 C 0.250 G 0.250 T 0.250

MOTIF Pfenning_D2pos_Cpu_fold3_1.fwd
letter-probability matrix: alength= 4 w= 21 nsites= 987 E= 0
0.268490374873	0.169199594732	0.299898682877	0.262411347518
0.283687943262	0.224924012158	0.269503546099	0.22188449848
0.268490374873	0.200607902736	0.292806484296	0.238095238095
0.306990881459	0.192502532928	0.290780141844	0.209726443769
0.352583586626	0.182370820669	0.243161094225	0.22188449848
0.287740628166	0.19452887538	0.31914893617	0.198581560284
0.222897669706	0.145896656535	0.255319148936	0.375886524823
0.207700101317	0.161094224924	0.536980749747	0.0942249240122
0.241134751773	0.154002026342	0.10233029382	0.502532928065
0.00506585612969	0.00405268490375	0.982776089159	0.0081053698075
0.0243161094225	0.0101317122594	0.160081053698	0.80547112462
0.19959473151	0.00101317122594	0.795339412361	0.00405268490375
0.00506585612969	0.00202634245187	0.988855116515	0.00405268490375
0.00101317122594	0.00202634245187	0.995947315096	0.00101317122594
0.407294832827	0.160081053698	0.0293819655522	0.403242147923
0.136778115502	0.0151975683891	0.698074974671	0.149949341439
0.110435663627	0.0780141843972	0.569402228977	0.242147922999
0.336372847011	0.176291793313	0.281661600811	0.205673758865
0.36170212766	0.115501519757	0.262411347518	0.260385005066
0.290780141844	0.179331306991	0.287740628166	0.242147922999
0.281661600811	0.203647416413	0.23201621074	0.282674772036

MOTIF Pfenning_D2pos_Cpu_fold3_2.fwd
letter-probability matrix: alength= 4 w= 21 nsites= 932 E= 0
0.314377682403	0.215665236052	0.203862660944	0.266094420601
0.31652360515	0.223175965665	0.192060085837	0.268240343348
0.276824034335	0.240343347639	0.185622317597	0.297210300429
0.287553648069	0.223175965665	0.201716738197	0.287553648069
0.287553648069	0.208154506438	0.233905579399	0.270386266094
0.374463519313	0.163090128755	0.187768240343	0.274678111588
0.415236051502	0.138412017167	0.190987124464	0.255364806867
0.227467811159	0.315450643777	0.240343347639	0.216738197425
0.179184549356	0.577253218884	0.0965665236052	0.146995708155
0.0472103004292	0.0225321888412	0.00107296137339	0.929184549356
0.00214592274678	0.0	0.99678111588	0.00107296137339
0.0740343347639	0.0128755364807	0.00536480686695	0.907725321888
0.00214592274678	0.991416309013	0.00429184549356	0.00214592274678
0.93347639485	0.0	0.00751072961373	0.0590128755365
0.233905579399	0.278969957082	0.254291845494	0.232832618026
0.349785407725	0.134120171674	0.163090128755	0.353004291845
0.207081545064	0.288626609442	0.182403433476	0.321888412017
0.307939914163	0.25	0.125536480687	0.31652360515
0.295064377682	0.223175965665	0.202789699571	0.278969957082
0.314377682403	0.203862660944	0.200643776824	0.281115879828
0.277896995708	0.227467811159	0.213519313305	0.281115879828

MOTIF Pfenning_D2pos_Cpu_fold3_3.fwd
letter-probability matrix: alength= 4 w= 21 nsites= 596 E= 0
0.285234899329	0.218120805369	0.206375838926	0.290268456376
0.246644295302	0.251677852349	0.228187919463	0.273489932886
0.281879194631	0.223154362416	0.229865771812	0.265100671141
0.328859060403	0.228187919463	0.159395973154	0.28355704698
0.322147651007	0.11744966443	0.234899328859	0.325503355705
0.238255033557	0.147651006711	0.347315436242	0.26677852349
0.151006711409	0.619127516779	0.109060402685	0.120805369128
0.464765100671	0.0956375838926	0.0671140939597	0.372483221477
0.0318791946309	0.0184563758389	0.810402684564	0.139261744966
0.0520134228188	0.937919463087	0.00167785234899	0.00838926174497
0.479865771812	0.0385906040268	0.010067114094	0.471476510067
0.0134228187919	0.825503355705	0.140939597315	0.0201342281879
0.5	0.0604026845638	0.0419463087248	0.397651006711
0.0251677852349	0.125838926174	0.758389261745	0.0906040268456
0.35067114094	0.19966442953	0.115771812081	0.33389261745
0.187919463087	0.122483221477	0.46644295302	0.223154362416
0.256711409396	0.303691275168	0.114093959732	0.325503355705
0.258389261745	0.194630872483	0.258389261745	0.288590604027
0.285234899329	0.268456375839	0.186241610738	0.260067114094
0.275167785235	0.19966442953	0.229865771812	0.295302013423
0.291946308725	0.223154362416	0.206375838926	0.278523489933

MOTIF Pfenning_D2pos_Cpu_fold3_4.fwd
letter-probability matrix: alength= 4 w= 21 nsites= 586 E= 0
0.40614334471	0.158703071672	0.156996587031	0.278156996587
0.453924914676	0.133105802048	0.155290102389	0.257679180887
0.418088737201	0.143344709898	0.133105802048	0.305460750853
0.315699658703	0.138225255973	0.141638225256	0.404436860068
0.377133105802	0.196245733788	0.170648464164	0.255972696246
0.317406143345	0.148464163823	0.127986348123	0.40614334471
0.191126279863	0.109215017065	0.452218430034	0.247440273038
0.327645051195	0.407849829352	0.10409556314	0.160409556314
0.443686006826	0.138225255973	0.143344709898	0.274744027304
0.204778156997	0.175767918089	0.30204778157	0.317406143345
0.354948805461	0.232081911263	0.136518771331	0.276450511945
0.315699658703	0.126279863481	0.209897610922	0.348122866894
0.245733788396	0.168941979522	0.305460750853	0.279863481229
0.267918088737	0.269624573379	0.165529010239	0.296928327645
0.414675767918	0.172354948805	0.155290102389	0.257679180887
0.336177474403	0.146757679181	0.186006825939	0.331058020478
0.430034129693	0.189419795222	0.174061433447	0.206484641638
0.443686006826	0.129692832765	0.131399317406	0.295221843003
0.249146757679	0.175767918089	0.182593856655	0.392491467577
0.223549488055	0.221843003413	0.192832764505	0.361774744027
0.329351535836	0.199658703072	0.201365187713	0.269624573379

MOTIF Pfenning_D2pos_Cpu_fold3_5.fwd
letter-probability matrix: alength= 4 w= 21 nsites= 507 E= 0
0.197238658777	0.319526627219	0.248520710059	0.234714003945
0.20315581854	0.325443786982	0.2741617357	0.197238658777
0.222879684418	0.297830374753	0.209072978304	0.270216962525
0.211045364892	0.30966469428	0.268244575937	0.211045364892
0.165680473373	0.546351084813	0.159763313609	0.128205128205
0.205128205128	0.366863905325	0.171597633136	0.25641025641
0.157790927022	0.392504930966	0.347140039448	0.102564102564
0.0571992110454	0.865877712032	0.00394477317554	0.0729783037475
0.0177514792899	0.00394477317554	0.950690335306	0.0276134122288
0.00394477317554	0.986193293886	0.00197238658777	0.00788954635108
0.173570019724	0.315581854043	0.258382642998	0.252465483235
0.0493096646943	0.473372781065	0.248520710059	0.228796844181
0.181459566075	0.378698224852	0.236686390533	0.20315581854
0.0887573964497	0.516765285996	0.209072978304	0.18540433925
0.214990138067	0.260355029586	0.278106508876	0.246548323471
0.157790927022	0.400394477318	0.193293885602	0.248520710059
0.189349112426	0.236686390533	0.29191321499	0.282051282051
0.18540433925	0.36291913215	0.199211045365	0.252465483235
0.230769230769	0.260355029586	0.236686390533	0.272189349112
0.187376725838	0.333333333333	0.242603550296	0.236686390533
0.191321499014	0.295857988166	0.278106508876	0.234714003945

MOTIF Pfenning_D2pos_Cpu_fold3_6.fwd
letter-probability matrix: alength= 4 w= 21 nsites= 490 E= 0
0.251020408163	0.269387755102	0.238775510204	0.240816326531
0.242857142857	0.283673469388	0.224489795918	0.248979591837
0.257142857143	0.267346938776	0.173469387755	0.302040816327
0.261224489796	0.304081632653	0.214285714286	0.220408163265
0.259183673469	0.24693877551	0.202040816327	0.291836734694
0.275510204082	0.25306122449	0.191836734694	0.279591836735
0.210204081633	0.30612244898	0.230612244898	0.25306122449
0.255102040816	0.265306122449	0.189795918367	0.289795918367
0.197959183673	0.522448979592	0.126530612245	0.15306122449
0.389795918367	0.120408163265	0.138775510204	0.351020408163
0.1	0.104081632653	0.585714285714	0.210204081633
0.0918367346939	0.771428571429	0.0265306122449	0.110204081633
0.324489795918	0.0816326530612	0.0795918367347	0.514285714286
0.0734693877551	0.773469387755	0.0612244897959	0.0918367346939
0.397959183673	0.0448979591837	0.0714285714286	0.485714285714
0.034693877551	0.0183673469388	0.842857142857	0.104081632653
0.0469387755102	0.885714285714	0.00612244897959	0.0612244897959
0.39387755102	0.0612244897959	0.0224489795918	0.522448979592
0.0877551020408	0.530612244898	0.24693877551	0.134693877551
0.397959183673	0.134693877551	0.134693877551	0.332653061224
0.104081632653	0.202040816327	0.544897959184	0.148979591837

MOTIF Pfenning_D2pos_Cpu_fold3_7.fwd
letter-probability matrix: alength= 4 w= 21 nsites= 487 E= 0
0.305954825462	0.244353182752	0.182751540041	0.266940451745
0.29568788501	0.215605749487	0.23819301848	0.250513347023
0.330595482546	0.195071868583	0.207392197125	0.266940451745
0.35318275154	0.217659137577	0.217659137577	0.211498973306
0.277207392197	0.17453798768	0.254620123203	0.29363449692
0.283367556468	0.229979466119	0.264887063655	0.221765913758
0.289527720739	0.205338809035	0.232032854209	0.273100616016
0.445585215606	0.23819301848	0.2340862423	0.082135523614
0.0143737166324	0.0082135523614	0.0041067761807	0.973305954825
0.00616016427105	0.0102669404517	0.878850102669	0.104722792608
0.989733059548	0.0041067761807	0.0	0.00616016427105
0.133470225873	0.0123203285421	0.747433264887	0.106776180698
0.0041067761807	0.0	0.00205338809035	0.993839835729
0.047227926078	0.94250513347	0.00205338809035	0.0082135523614
0.981519507187	0.0	0.00616016427105	0.0123203285421
0.0451745379877	0.254620123203	0.250513347023	0.449691991786
0.29363449692	0.297741273101	0.158110882957	0.250513347023
0.271047227926	0.258726899384	0.17864476386	0.29158110883
0.248459958932	0.244353182752	0.197125256674	0.310061601643
0.262833675565	0.223819301848	0.17453798768	0.338809034908
0.260780287474	0.217659137577	0.23613963039	0.285420944559

MOTIF Pfenning_D2pos_Cpu_fold3_8.fwd
letter-probability matrix: alength= 4 w= 21 nsites= 331 E= 0
0.247734138973	0.21752265861	0.332326283988	0.202416918429
0.232628398792	0.26586102719	0.320241691843	0.181268882175
0.359516616314	0.19335347432	0.262839879154	0.184290030211
0.277945619335	0.126888217523	0.368580060423	0.226586102719
0.259818731118	0.163141993958	0.392749244713	0.184290030211
0.350453172205	0.117824773414	0.33836858006	0.19335347432
0.126888217523	0.0785498489426	0.755287009063	0.0392749244713
0.326283987915	0.14501510574	0.359516616314	0.16918429003
0.519637462236	0.0332326283988	0.404833836858	0.0422960725076
0.0785498489426	0.0151057401813	0.848942598187	0.0574018126888
0.0181268882175	0.0211480362538	0.954682779456	0.00604229607251
0.746223564955	0.0181268882175	0.0876132930514	0.148036253776
0.0483383685801	0.00906344410876	0.921450151057	0.0211480362538
0.0996978851964	0.123867069486	0.688821752266	0.0876132930514
0.486404833837	0.184290030211	0.175226586103	0.154078549849
0.178247734139	0.0211480362538	0.682779456193	0.117824773414
0.151057401813	0.141993957704	0.595166163142	0.111782477341
0.392749244713	0.202416918429	0.214501510574	0.190332326284
0.238670694864	0.0906344410876	0.495468277946	0.175226586103
0.21752265861	0.229607250755	0.302114803625	0.250755287009
0.308157099698	0.14501510574	0.293051359517	0.253776435045

MOTIF Pfenning_D2pos_Cpu_fold3_9.fwd
letter-probability matrix: alength= 4 w= 21 nsites= 334 E= 0
0.335329341317	0.179640718563	0.146706586826	0.338323353293
0.35628742515	0.146706586826	0.209580838323	0.287425149701
0.37125748503	0.134730538922	0.230538922156	0.263473053892
0.458083832335	0.122754491018	0.218562874251	0.200598802395
0.494011976048	0.125748502994	0.194610778443	0.185628742515
0.562874251497	0.0988023952096	0.0988023952096	0.239520958084
0.523952095808	0.101796407186	0.0958083832335	0.278443113772
0.473053892216	0.0718562874251	0.104790419162	0.350299401198
0.428143712575	0.0838323353293	0.176646706587	0.311377245509
0.634730538922	0.062874251497	0.110778443114	0.191616766467
0.85628742515	0.0269461077844	0.0419161676647	0.0748502994012
0.595808383234	0.0329341317365	0.0269461077844	0.344311377246
0.212574850299	0.0179640718563	0.0149700598802	0.754491017964
0.308383233533	0.158682634731	0.0808383233533	0.452095808383
0.362275449102	0.107784431138	0.0389221556886	0.491017964072
0.176646706587	0.0898203592814	0.559880239521	0.173652694611
0.299401197605	0.494011976048	0.0449101796407	0.161676646707
0.458083832335	0.170658682635	0.134730538922	0.236526946108
0.344311377246	0.185628742515	0.185628742515	0.284431137725
0.374251497006	0.179640718563	0.191616766467	0.254491017964
0.27245508982	0.24251497006	0.191616766467	0.293413173653

MOTIF Pfenning_D2pos_Cpu_fold3_10.fwd
letter-probability matrix: alength= 4 w= 21 nsites= 329 E= 0
0.358662613982	0.200607902736	0.127659574468	0.313069908815
0.358662613982	0.26443768997	0.185410334347	0.191489361702
0.0881458966565	0.227963525836	0.224924012158	0.45896656535
0.401215805471	0.109422492401	0.352583586626	0.136778115502
0.0790273556231	0.364741641337	0.434650455927	0.121580547112
0.0303951367781	0.410334346505	0.0395136778116	0.519756838906
0.0668693009119	0.0182370820669	0.747720364742	0.16717325228
0.0516717325228	0.924012158055	0.00607902735562	0.0182370820669
0.00607902735562	0.981762917933	0.0	0.0121580547112
0.474164133739	0.501519756839	0.00911854103343	0.0151975683891
0.00911854103343	0.492401215805	0.00303951367781	0.495440729483
0.00303951367781	0.987841945289	0.0	0.00911854103343
0.0243161094225	0.0547112462006	0.00607902735562	0.914893617021
0.41641337386	0.0364741641337	0.322188449848	0.224924012158
0.0182370820669	0.31914893617	0.641337386018	0.0212765957447
0.0790273556231	0.0547112462006	0.0212765957447	0.844984802432
0.0121580547112	0.0	0.969604863222	0.0182370820669
0.048632218845	0.0395136778116	0.790273556231	0.121580547112
0.200607902736	0.364741641337	0.0851063829787	0.349544072948
0.267477203647	0.401215805471	0.139817629179	0.191489361702
0.480243161094	0.155015197568	0.237082066869	0.127659574468

MOTIF Pfenning_D2pos_Cpu_fold3_11.fwd
letter-probability matrix: alength= 4 w= 21 nsites= 330 E= 0
0.278787878788	0.263636363636	0.215151515152	0.242424242424
0.266666666667	0.230303030303	0.175757575758	0.327272727273
0.275757575758	0.224242424242	0.187878787879	0.312121212121
0.251515151515	0.169696969697	0.287878787879	0.290909090909
0.278787878788	0.190909090909	0.254545454545	0.275757575758
0.318181818182	0.112121212121	0.221212121212	0.348484848485
0.127272727273	0.106060606061	0.3	0.466666666667
0.0454545454545	0.763636363636	0.0484848484848	0.142424242424
0.0151515151515	0.00909090909091	0.0	0.975757575758
0.951515151515	0.00909090909091	0.0030303030303	0.0363636363636
0.215151515152	0.00606060606061	0.0030303030303	0.775757575758
0.0515151515152	0.00909090909091	0.0030303030303	0.936363636364
0.0848484848485	0.0787878787879	0.0	0.836363636364
0.233333333333	0.118181818182	0.0030303030303	0.645454545455
0.221212121212	0.0545454545455	0.0424242424242	0.681818181818
0.763636363636	0.0121212121212	0.215151515152	0.00909090909091
0.187878787879	0.0909090909091	0.6	0.121212121212
0.342424242424	0.306060606061	0.136363636364	0.215151515152
0.360606060606	0.221212121212	0.136363636364	0.281818181818
0.263636363636	0.269696969697	0.190909090909	0.275757575758
0.324242424242	0.263636363636	0.184848484848	0.227272727273

MOTIF Pfenning_D2pos_Cpu_fold3_12.fwd
letter-probability matrix: alength= 4 w= 21 nsites= 247 E= 0
0.283400809717	0.157894736842	0.14979757085	0.408906882591
0.453441295547	0.0971659919028	0.0890688259109	0.36032388664
0.356275303644	0.0890688259109	0.080971659919	0.473684210526
0.400809716599	0.0566801619433	0.0769230769231	0.465587044534
0.408906882591	0.0769230769231	0.0688259109312	0.445344129555
0.421052631579	0.238866396761	0.117408906883	0.222672064777
0.307692307692	0.0364372469636	0.0647773279352	0.591093117409
0.0566801619433	0.0647773279352	0.623481781377	0.255060728745
0.165991902834	0.65991902834	0.0485829959514	0.125506072874
0.441295546559	0.165991902834	0.121457489879	0.271255060729
0.238866396761	0.161943319838	0.279352226721	0.31983805668
0.31983805668	0.153846153846	0.283400809717	0.242914979757
0.279352226721	0.194331983806	0.331983805668	0.194331983806
0.251012145749	0.141700404858	0.279352226721	0.327935222672
0.287449392713	0.194331983806	0.259109311741	0.259109311741
0.275303643725	0.198380566802	0.259109311741	0.267206477733
0.259109311741	0.19028340081	0.242914979757	0.307692307692
0.283400809717	0.178137651822	0.242914979757	0.295546558704
0.291497975709	0.206477732794	0.222672064777	0.279352226721
0.267206477733	0.202429149798	0.267206477733	0.263157894737
0.287449392713	0.178137651822	0.214574898785	0.31983805668

MOTIF Pfenning_D2pos_Cpu_fold3_13.fwd
letter-probability matrix: alength= 4 w= 21 nsites= 196 E= 0
0.25	0.260204081633	0.209183673469	0.280612244898
0.244897959184	0.301020408163	0.19387755102	0.260204081633
0.224489795918	0.311224489796	0.188775510204	0.275510204082
0.270408163265	0.311224489796	0.173469387755	0.244897959184
0.25	0.352040816327	0.0918367346939	0.30612244898
0.209183673469	0.214285714286	0.229591836735	0.34693877551
0.137755102041	0.290816326531	0.382653061224	0.188775510204
0.352040816327	0.311224489796	0.117346938776	0.219387755102
0.239795918367	0.270408163265	0.244897959184	0.244897959184
0.209183673469	0.132653061224	0.316326530612	0.341836734694
0.0918367346939	0.872448979592	0.0102040816327	0.0255102040816
0.397959183673	0.0510204081633	0.102040816327	0.448979591837
0.030612244898	0.0204081632653	0.887755102041	0.0612244897959
0.0357142857143	0.933673469388	0.0102040816327	0.0204081632653
0.535714285714	0.0459183673469	0.015306122449	0.40306122449
0.0102040816327	0.0357142857143	0.867346938776	0.0867346938776
0.0561224489796	0.882653061224	0.0255102040816	0.0357142857143
0.352040816327	0.188775510204	0.0816326530612	0.377551020408
0.142857142857	0.336734693878	0.183673469388	0.336734693878
0.229591836735	0.122448979592	0.219387755102	0.428571428571
0.183673469388	0.285714285714	0.321428571429	0.209183673469

MOTIF Pfenning_D2pos_Cpu_fold3_14.fwd
letter-probability matrix: alength= 4 w= 21 nsites= 144 E= 0
0.347222222222	0.222222222222	0.138888888889	0.291666666667
0.319444444444	0.208333333333	0.138888888889	0.333333333333
0.284722222222	0.1875	0.208333333333	0.319444444444
0.256944444444	0.256944444444	0.263888888889	0.222222222222
0.3125	0.201388888889	0.180555555556	0.305555555556
0.305555555556	0.159722222222	0.194444444444	0.340277777778
0.326388888889	0.180555555556	0.229166666667	0.263888888889
0.347222222222	0.25	0.284722222222	0.118055555556
0.0	0.00694444444444	0.0	0.993055555556
0.0	0.0	0.0138888888889	0.986111111111
0.944444444444	0.0	0.0416666666667	0.0138888888889
0.0	0.680555555556	0.0347222222222	0.284722222222
0.902777777778	0.0	0.0694444444444	0.0277777777778
0.0	0.00694444444444	0.00694444444444	0.986111111111
0.979166666667	0.0208333333333	0.0	0.0
1.0	0.0	0.0	0.0
0.125	0.354166666667	0.180555555556	0.340277777778
0.305555555556	0.256944444444	0.166666666667	0.270833333333
0.243055555556	0.263888888889	0.201388888889	0.291666666667
0.243055555556	0.201388888889	0.236111111111	0.319444444444
0.291666666667	0.243055555556	0.152777777778	0.3125

MOTIF Pfenning_D2pos_Cpu_fold3_15.fwd
letter-probability matrix: alength= 4 w= 21 nsites= 113 E= 0
0.176991150442	0.300884955752	0.318584070796	0.203539823009
0.283185840708	0.300884955752	0.176991150442	0.238938053097
0.230088495575	0.221238938053	0.256637168142	0.29203539823
0.132743362832	0.380530973451	0.300884955752	0.185840707965
0.389380530973	0.194690265487	0.159292035398	0.256637168142
0.194690265487	0.300884955752	0.283185840708	0.221238938053
0.176991150442	0.141592920354	0.309734513274	0.371681415929
0.106194690265	0.83185840708	0.0530973451327	0.00884955752212
0.362831858407	0.159292035398	0.106194690265	0.371681415929
0.0	0.0	1.0	0.0
0.0265486725664	0.964601769912	0.0	0.00884955752212
0.389380530973	0.12389380531	0.115044247788	0.371681415929
0.0176991150442	0.00884955752212	0.911504424779	0.0619469026549
0.0530973451327	0.823008849558	0.0442477876106	0.0796460176991
0.283185840708	0.238938053097	0.0176991150442	0.46017699115
0.0619469026549	0.0796460176991	0.70796460177	0.150442477876
0.0619469026549	0.787610619469	0.0973451327434	0.0530973451327
0.336283185841	0.185840707965	0.0973451327434	0.380530973451
0.150442477876	0.256637168142	0.29203539823	0.300884955752
0.265486725664	0.185840707965	0.194690265487	0.353982300885
0.212389380531	0.230088495575	0.327433628319	0.230088495575

MOTIF Pfenning_D2pos_Cpu_fold3_16.fwd
letter-probability matrix: alength= 4 w= 21 nsites= 77 E= 0
0.233766233766	0.194805194805	0.246753246753	0.324675324675
0.246753246753	0.285714285714	0.181818181818	0.285714285714
0.246753246753	0.220779220779	0.233766233766	0.298701298701
0.181818181818	0.233766233766	0.25974025974	0.324675324675
0.233766233766	0.324675324675	0.194805194805	0.246753246753
0.168831168831	0.272727272727	0.233766233766	0.324675324675
0.207792207792	0.103896103896	0.350649350649	0.337662337662
0.0	0.0	1.0	0.0
0.0	0.025974025974	0.0	0.974025974026
0.025974025974	0.025974025974	0.0	0.948051948052
0.142857142857	0.038961038961	0.532467532468	0.285714285714
0.0	0.961038961039	0.0	0.038961038961
0.0	0.805194805195	0.0	0.194805194805
0.857142857143	0.0	0.0	0.142857142857
0.155844155844	0.038961038961	0.116883116883	0.688311688312
0.12987012987	0.0	0.87012987013	0.0
0.0649350649351	0.012987012987	0.922077922078	0.0
0.285714285714	0.311688311688	0.0779220779221	0.324675324675
0.662337662338	0.0	0.220779220779	0.116883116883
0.883116883117	0.012987012987	0.038961038961	0.0649350649351
0.0519480519481	0.649350649351	0.0649350649351	0.233766233766

MOTIF Pfenning_D2pos_Cpu_fold3_17.fwd
letter-probability matrix: alength= 4 w= 21 nsites= 60 E= 0
0.316666666667	0.25	0.183333333333	0.25
0.25	0.2	0.2	0.35
0.233333333333	0.233333333333	0.3	0.233333333333
0.233333333333	0.233333333333	0.416666666667	0.116666666667
0.133333333333	0.416666666667	0.183333333333	0.266666666667
0.133333333333	0.116666666667	0.483333333333	0.266666666667
0.0166666666667	0.0	0.966666666667	0.0166666666667
0.0166666666667	0.0166666666667	0.0166666666667	0.95
0.0	0.0	0.0	1.0
0.0333333333333	0.0	0.95	0.0166666666667
0.0	0.983333333333	0.0	0.0166666666667
0.0	0.35	0.0	0.65
0.816666666667	0.0	0.05	0.133333333333
0.3	0.0166666666667	0.5	0.183333333333
0.0166666666667	0.0166666666667	0.966666666667	0.0
0.133333333333	0.25	0.383333333333	0.233333333333
0.616666666667	0.0833333333333	0.183333333333	0.116666666667
0.466666666667	0.183333333333	0.216666666667	0.133333333333
0.25	0.45	0.116666666667	0.183333333333
0.216666666667	0.283333333333	0.266666666667	0.233333333333
0.233333333333	0.133333333333	0.383333333333	0.25

MOTIF Pfenning_D2pos_Cpu_fold3_18.fwd
letter-probability matrix: alength= 4 w= 21 nsites= 83 E= 0
0.313253012048	0.265060240964	0.144578313253	0.277108433735
0.301204819277	0.168674698795	0.301204819277	0.228915662651
0.253012048193	0.33734939759	0.228915662651	0.180722891566
0.277108433735	0.265060240964	0.180722891566	0.277108433735
0.156626506024	0.361445783133	0.204819277108	0.277108433735
0.168674698795	0.301204819277	0.204819277108	0.325301204819
0.289156626506	0.228915662651	0.21686746988	0.265060240964
0.21686746988	0.325301204819	0.192771084337	0.265060240964
0.204819277108	0.33734939759	0.240963855422	0.21686746988
0.0722891566265	0.493975903614	0.192771084337	0.240963855422
0.433734939759	0.192771084337	0.0843373493976	0.289156626506
0.21686746988	0.0843373493976	0.289156626506	0.409638554217
0.120481927711	0.0963855421687	0.650602409639	0.132530120482
0.0481927710843	0.903614457831	0.0240963855422	0.0240963855422
0.530120481928	0.0361445783133	0.0602409638554	0.373493975904
0.0481927710843	0.0120481927711	0.89156626506	0.0481927710843
0.0963855421687	0.795180722892	0.0	0.10843373494
0.180722891566	0.265060240964	0.0843373493976	0.469879518072
0.0602409638554	0.156626506024	0.156626506024	0.626506024096
0.0722891566265	0.710843373494	0.10843373494	0.10843373494
0.313253012048	0.180722891566	0.0240963855422	0.481927710843

MOTIF Pfenning_D2pos_Cpu_fold3_19.fwd
letter-probability matrix: alength= 4 w= 21 nsites= 47 E= 0
0.297872340426	0.255319148936	0.106382978723	0.340425531915
0.297872340426	0.148936170213	0.234042553191	0.31914893617
0.276595744681	0.212765957447	0.276595744681	0.234042553191
0.468085106383	0.0851063829787	0.148936170213	0.297872340426
0.382978723404	0.170212765957	0.191489361702	0.255319148936
0.191489361702	0.127659574468	0.234042553191	0.446808510638
0.212765957447	0.212765957447	0.0425531914894	0.531914893617
0.212765957447	0.106382978723	0.063829787234	0.617021276596
0.148936170213	0.0851063829787	0.063829787234	0.702127659574
0.212765957447	0.0425531914894	0.234042553191	0.510638297872
0.68085106383	0.148936170213	0.0	0.170212765957
0.574468085106	0.0851063829787	0.0851063829787	0.255319148936
0.36170212766	0.0425531914894	0.170212765957	0.425531914894
0.63829787234	0.148936170213	0.127659574468	0.0851063829787
0.382978723404	0.063829787234	0.148936170213	0.404255319149
0.063829787234	0.063829787234	0.872340425532	0.0
0.127659574468	0.702127659574	0.106382978723	0.063829787234
0.489361702128	0.063829787234	0.127659574468	0.31914893617
0.297872340426	0.170212765957	0.212765957447	0.31914893617
0.255319148936	0.276595744681	0.063829787234	0.404255319149
0.148936170213	0.127659574468	0.276595744681	0.446808510638

