MEME version 4

ALPHABET= ACGT

strands: + -

Background letter frequencies (from unknown source)
A 0.250 C 0.250 G 0.250 T 0.250

MOTIF Pfenning_D2pos_Nac_fold2_1.fwd
letter-probability matrix: alength= 4 w= 21 nsites= 1346 E= 0
0.291976225854	0.21396731055	0.210995542348	0.283060921248
0.274888558692	0.208766716196	0.231054977712	0.2852897474
0.280832095097	0.22808320951	0.237741456166	0.253343239227
0.289004457652	0.219910846954	0.213224368499	0.277860326895
0.261515601783	0.262258543834	0.219167904903	0.25705794948
0.293462109955	0.2147102526	0.194650817236	0.297176820208
0.265230312036	0.253343239227	0.174591381872	0.306835066865
0.298662704309	0.219910846954	0.217682020802	0.263744427935
0.315750371471	0.199108469539	0.236998514116	0.248142644874
0.182020802377	0.0074294205052	0.160475482912	0.650074294205
0.00222882615156	0.0	0.997771173848	0.0
0.00148588410104	0.00074294205052	0.994799405646	0.00297176820208
0.294947994056	0.258543833581	0.0482912332838	0.398216939079
0.00520059435364	0.973997028232	0.00148588410104	0.0193164933135
0.518573551263	0.188707280832	0.0222882615156	0.270430906389
0.223625557207	0.167904903418	0.250371471025	0.358098068351
0.248885586924	0.229569093611	0.203566121842	0.317979197623
0.266716196137	0.209509658247	0.249628528975	0.274145616642
0.267459138187	0.189450222883	0.245170876672	0.297919762259
0.273402674591	0.206537890045	0.239227340267	0.280832095097
0.258543833581	0.227340267459	0.208766716196	0.305349182764

MOTIF Pfenning_D2pos_Nac_fold2_2.fwd
letter-probability matrix: alength= 4 w= 21 nsites= 540 E= 0
0.353703703704	0.174074074074	0.201851851852	0.27037037037
0.264814814815	0.218518518519	0.201851851852	0.314814814815
0.37037037037	0.175925925926	0.161111111111	0.292592592593
0.311111111111	0.198148148148	0.155555555556	0.335185185185
0.37037037037	0.17037037037	0.207407407407	0.251851851852
0.305555555556	0.212962962963	0.164814814815	0.316666666667
0.440740740741	0.233333333333	0.157407407407	0.168518518519
0.133333333333	0.322222222222	0.127777777778	0.416666666667
0.498148148148	0.111111111111	0.359259259259	0.0314814814815
0.012962962963	0.0333333333333	0.00555555555556	0.948148148148
0.981481481481	0.0037037037037	0.00925925925926	0.00555555555556
0.0314814814815	0.0981481481481	0.0166666666667	0.853703703704
0.761111111111	0.037037037037	0.183333333333	0.0185185185185
0.0703703703704	0.346296296296	0.272222222222	0.311111111111
0.374074074074	0.207407407407	0.22037037037	0.198148148148
0.333333333333	0.188888888889	0.105555555556	0.372222222222
0.283333333333	0.17037037037	0.157407407407	0.388888888889
0.316666666667	0.22037037037	0.175925925926	0.287037037037
0.327777777778	0.183333333333	0.205555555556	0.283333333333
0.268518518519	0.224074074074	0.2	0.307407407407
0.307407407407	0.194444444444	0.231481481481	0.266666666667

MOTIF Pfenning_D2pos_Nac_fold2_3.fwd
letter-probability matrix: alength= 4 w= 21 nsites= 196 E= 0
0.290816326531	0.188775510204	0.234693877551	0.285714285714
0.255102040816	0.15306122449	0.265306122449	0.326530612245
0.25	0.198979591837	0.178571428571	0.372448979592
0.30612244898	0.178571428571	0.204081632653	0.311224489796
0.30612244898	0.188775510204	0.214285714286	0.290816326531
0.321428571429	0.234693877551	0.122448979592	0.321428571429
0.198979591837	0.40306122449	0.127551020408	0.270408163265
0.137755102041	0.744897959184	0.0459183673469	0.0714285714286
0.015306122449	0.464285714286	0.015306122449	0.505102040816
1.0	0.0	0.0	0.0
0.00510204081633	0.0255102040816	0.0	0.969387755102
0.413265306122	0.0357142857143	0.489795918367	0.0612244897959
0.0510204081633	0.030612244898	0.755102040816	0.163265306122
0.290816326531	0.173469387755	0.285714285714	0.25
0.255102040816	0.198979591837	0.275510204082	0.270408163265
0.239795918367	0.224489795918	0.147959183673	0.387755102041
0.336734693878	0.239795918367	0.147959183673	0.275510204082
0.326530612245	0.19387755102	0.229591836735	0.25
0.260204081633	0.19387755102	0.234693877551	0.311224489796
0.295918367347	0.239795918367	0.198979591837	0.265306122449
0.255102040816	0.229591836735	0.178571428571	0.336734693878

MOTIF Pfenning_D2pos_Nac_fold2_4.fwd
letter-probability matrix: alength= 4 w= 21 nsites= 196 E= 0
0.505102040816	0.15306122449	0.142857142857	0.198979591837
0.545918367347	0.168367346939	0.117346938776	0.168367346939
0.627551020408	0.122448979592	0.0918367346939	0.158163265306
0.392857142857	0.265306122449	0.0867346938776	0.255102040816
0.607142857143	0.127551020408	0.0969387755102	0.168367346939
0.59693877551	0.168367346939	0.0510204081633	0.183673469388
0.678571428571	0.122448979592	0.0714285714286	0.127551020408
0.372448979592	0.326530612245	0.0714285714286	0.229591836735
0.688775510204	0.173469387755	0.015306122449	0.122448979592
0.775510204082	0.127551020408	0.0357142857143	0.0612244897959
0.80612244898	0.0765306122449	0.0969387755102	0.0204081632653
0.25	0.397959183673	0.0561224489796	0.295918367347
0.887755102041	0.0969387755102	0.0	0.015306122449
0.831632653061	0.0867346938776	0.0255102040816	0.0561224489796
0.959183673469	0.0255102040816	0.0102040816327	0.00510204081633
0.158163265306	0.55612244898	0.0765306122449	0.209183673469
0.928571428571	0.0357142857143	0.0	0.0357142857143
0.617346938776	0.163265306122	0.0867346938776	0.132653061224
0.627551020408	0.127551020408	0.107142857143	0.137755102041
0.387755102041	0.224489795918	0.15306122449	0.234693877551
0.586734693878	0.132653061224	0.0816326530612	0.198979591837

MOTIF Pfenning_D2pos_Nac_fold2_5.fwd
letter-probability matrix: alength= 4 w= 21 nsites= 178 E= 0
0.26404494382	0.258426966292	0.185393258427	0.292134831461
0.26404494382	0.280898876404	0.196629213483	0.258426966292
0.331460674157	0.191011235955	0.219101123596	0.258426966292
0.38202247191	0.185393258427	0.168539325843	0.26404494382
0.393258426966	0.191011235955	0.168539325843	0.247191011236
0.320224719101	0.247191011236	0.101123595506	0.331460674157
0.578651685393	0.0898876404494	0.191011235955	0.140449438202
0.0505617977528	0.932584269663	0.0	0.0168539325843
0.061797752809	0.876404494382	0.00561797752809	0.0561797752809
0.893258426966	0.0393258426966	0.0	0.0674157303371
0.112359550562	0.76404494382	0.0337078651685	0.0898876404494
0.0786516853933	0.730337078652	0.0280898876404	0.162921348315
0.898876404494	0.0505617977528	0.0280898876404	0.0224719101124
0.168539325843	0.224719101124	0.061797752809	0.544943820225
0.303370786517	0.219101123596	0.337078651685	0.140449438202
0.258426966292	0.286516853933	0.213483146067	0.241573033708
0.269662921348	0.275280898876	0.230337078652	0.224719101124
0.247191011236	0.207865168539	0.269662921348	0.275280898876
0.376404494382	0.185393258427	0.224719101124	0.213483146067
0.286516853933	0.292134831461	0.174157303371	0.247191011236
0.297752808989	0.230337078652	0.185393258427	0.286516853933

MOTIF Pfenning_D2pos_Nac_fold2_6.fwd
letter-probability matrix: alength= 4 w= 21 nsites= 176 E= 0
0.375	0.159090909091	0.107954545455	0.357954545455
0.465909090909	0.164772727273	0.136363636364	0.232954545455
0.403409090909	0.170454545455	0.130681818182	0.295454545455
0.454545454545	0.210227272727	0.107954545455	0.227272727273
0.380681818182	0.170454545455	0.0738636363636	0.375
0.448863636364	0.198863636364	0.102272727273	0.25
0.511363636364	0.130681818182	0.198863636364	0.159090909091
0.284090909091	0.238636363636	0.0681818181818	0.409090909091
0.607954545455	0.272727272727	0.0113636363636	0.107954545455
0.846590909091	0.0738636363636	0.0227272727273	0.0568181818182
0.931818181818	0.0170454545455	0.0227272727273	0.0284090909091
0.159090909091	0.539772727273	0.0454545454545	0.255681818182
0.960227272727	0.0397727272727	0.0	0.0
0.795454545455	0.0852272727273	0.0568181818182	0.0625
0.670454545455	0.147727272727	0.0625	0.119318181818
0.335227272727	0.267045454545	0.125	0.272727272727
0.482954545455	0.142045454545	0.130681818182	0.244318181818
0.409090909091	0.198863636364	0.153409090909	0.238636363636
0.409090909091	0.1875	0.164772727273	0.238636363636
0.454545454545	0.130681818182	0.147727272727	0.267045454545
0.346590909091	0.1875	0.193181818182	0.272727272727

MOTIF Pfenning_D2pos_Nac_fold2_7.fwd
letter-probability matrix: alength= 4 w= 21 nsites= 135 E= 0
0.414814814815	0.214814814815	0.155555555556	0.214814814815
0.444444444444	0.214814814815	0.155555555556	0.185185185185
0.414814814815	0.222222222222	0.162962962963	0.2
0.466666666667	0.244444444444	0.148148148148	0.140740740741
0.414814814815	0.266666666667	0.155555555556	0.162962962963
0.318518518519	0.274074074074	0.148148148148	0.259259259259
0.377777777778	0.281481481481	0.185185185185	0.155555555556
0.407407407407	0.281481481481	0.0888888888889	0.222222222222
0.459259259259	0.496296296296	0.0222222222222	0.0222222222222
0.911111111111	0.0444444444444	0.0222222222222	0.0222222222222
0.755555555556	0.2	0.0	0.0444444444444
0.00740740740741	0.985185185185	0.0	0.00740740740741
0.97037037037	0.0222222222222	0.0	0.00740740740741
0.896296296296	0.037037037037	0.0222222222222	0.0444444444444
0.207407407407	0.451851851852	0.0592592592593	0.281481481481
0.703703703704	0.125925925926	0.0666666666667	0.103703703704
0.42962962963	0.288888888889	0.148148148148	0.133333333333
0.466666666667	0.22962962963	0.133333333333	0.17037037037
0.444444444444	0.281481481481	0.177777777778	0.0962962962963
0.466666666667	0.222222222222	0.148148148148	0.162962962963
0.444444444444	0.185185185185	0.177777777778	0.192592592593

MOTIF Pfenning_D2pos_Nac_fold2_8.fwd
letter-probability matrix: alength= 4 w= 21 nsites= 79 E= 0
0.379746835443	0.177215189873	0.20253164557	0.240506329114
0.291139240506	0.20253164557	0.240506329114	0.26582278481
0.329113924051	0.151898734177	0.227848101266	0.291139240506
0.26582278481	0.20253164557	0.189873417722	0.341772151899
0.20253164557	0.20253164557	0.253164556962	0.341772151899
0.26582278481	0.215189873418	0.177215189873	0.341772151899
0.177215189873	0.177215189873	0.367088607595	0.278481012658
0.291139240506	0.177215189873	0.291139240506	0.240506329114
0.341772151899	0.278481012658	0.126582278481	0.253164556962
0.0253164556962	0.0	0.0759493670886	0.898734177215
0.974683544304	0.0126582278481	0.0126582278481	0.0
0.0253164556962	0.0126582278481	0.936708860759	0.0253164556962
0.0	1.0	0.0	0.0
0.0	1.0	0.0	0.0
0.936708860759	0.0379746835443	0.0	0.0253164556962
0.0506329113924	0.20253164557	0.215189873418	0.53164556962
0.291139240506	0.227848101266	0.101265822785	0.379746835443
0.26582278481	0.240506329114	0.291139240506	0.20253164557
0.316455696203	0.253164556962	0.164556962025	0.26582278481
0.26582278481	0.227848101266	0.177215189873	0.329113924051
0.240506329114	0.316455696203	0.139240506329	0.303797468354

MOTIF Pfenning_D2pos_Nac_fold2_9.fwd
letter-probability matrix: alength= 4 w= 21 nsites= 59 E= 0
0.474576271186	0.186440677966	0.152542372881	0.186440677966
0.440677966102	0.203389830508	0.152542372881	0.203389830508
0.322033898305	0.406779661017	0.118644067797	0.152542372881
0.71186440678	0.135593220339	0.0677966101695	0.0847457627119
0.508474576271	0.271186440678	0.101694915254	0.118644067797
0.389830508475	0.457627118644	0.0169491525424	0.135593220339
0.728813559322	0.152542372881	0.0338983050847	0.0847457627119
0.576271186441	0.338983050847	0.0169491525424	0.0677966101695
0.0677966101695	0.915254237288	0.0169491525424	0.0
0.949152542373	0.0338983050847	0.0169491525424	0.0
0.610169491525	0.169491525424	0.0677966101695	0.152542372881
0.169491525424	0.813559322034	0.0	0.0169491525424
0.898305084746	0.0338983050847	0.0169491525424	0.0508474576271
0.627118644068	0.305084745763	0.0338983050847	0.0338983050847
0.169491525424	0.627118644068	0.0677966101695	0.135593220339
0.779661016949	0.0677966101695	0.0847457627119	0.0677966101695
0.474576271186	0.271186440678	0.186440677966	0.0677966101695
0.474576271186	0.203389830508	0.0847457627119	0.237288135593
0.457627118644	0.322033898305	0.101694915254	0.118644067797
0.440677966102	0.237288135593	0.0847457627119	0.237288135593
0.389830508475	0.28813559322	0.135593220339	0.186440677966

MOTIF Pfenning_D2pos_Nac_fold2_10.fwd
letter-probability matrix: alength= 4 w= 21 nsites= 41 E= 0
0.439024390244	0.268292682927	0.0487804878049	0.243902439024
0.414634146341	0.268292682927	0.0731707317073	0.243902439024
0.219512195122	0.243902439024	0.243902439024	0.292682926829
0.243902439024	0.19512195122	0.243902439024	0.317073170732
0.341463414634	0.121951219512	0.292682926829	0.243902439024
0.390243902439	0.219512195122	0.219512195122	0.170731707317
0.536585365854	0.170731707317	0.0487804878049	0.243902439024
0.317073170732	0.219512195122	0.146341463415	0.317073170732
0.487804878049	0.0731707317073	0.0487804878049	0.390243902439
0.219512195122	0.0243902439024	0.731707317073	0.0243902439024
0.0	0.0	0.0	1.0
0.90243902439	0.0975609756098	0.0	0.0
0.951219512195	0.0243902439024	0.0	0.0243902439024
1.0	0.0	0.0	0.0
0.0	0.609756097561	0.0243902439024	0.365853658537
1.0	0.0	0.0	0.0
0.463414634146	0.121951219512	0.121951219512	0.292682926829
0.317073170732	0.121951219512	0.146341463415	0.414634146341
0.317073170732	0.19512195122	0.121951219512	0.365853658537
0.19512195122	0.170731707317	0.170731707317	0.463414634146
0.365853658537	0.243902439024	0.121951219512	0.268292682927

MOTIF Pfenning_D2pos_Nac_fold2_11.fwd
letter-probability matrix: alength= 4 w= 21 nsites= 34 E= 0
0.235294117647	0.235294117647	0.323529411765	0.205882352941
0.352941176471	0.176470588235	0.264705882353	0.205882352941
0.323529411765	0.235294117647	0.147058823529	0.294117647059
0.147058823529	0.323529411765	0.294117647059	0.235294117647
0.264705882353	0.147058823529	0.264705882353	0.323529411765
0.352941176471	0.0588235294118	0.323529411765	0.264705882353
0.0294117647059	0.0294117647059	0.911764705882	0.0294117647059
0.235294117647	0.0882352941176	0.470588235294	0.205882352941
0.0294117647059	0.705882352941	0.0294117647059	0.235294117647
0.0588235294118	0.882352941176	0.0	0.0588235294118
0.441176470588	0.0882352941176	0.0294117647059	0.441176470588
0.205882352941	0.0588235294118	0.470588235294	0.264705882353
0.0294117647059	0.0	0.970588235294	0.0
0.529411764706	0.0	0.205882352941	0.264705882353
0.0	1.0	0.0	0.0
0.0	0.941176470588	0.0	0.0588235294118
0.411764705882	0.205882352941	0.0294117647059	0.352941176471
0.117647058824	0.411764705882	0.235294117647	0.235294117647
0.235294117647	0.235294117647	0.117647058824	0.411764705882
0.264705882353	0.147058823529	0.176470588235	0.411764705882
0.147058823529	0.147058823529	0.5	0.205882352941

MOTIF Pfenning_D2pos_Nac_fold2_12.fwd
letter-probability matrix: alength= 4 w= 21 nsites= 32 E= 0
0.34375	0.28125	0.25	0.125
0.28125	0.3125	0.15625	0.25
0.34375	0.1875	0.21875	0.25
0.25	0.15625	0.28125	0.3125
0.28125	0.21875	0.125	0.375
0.46875	0.125	0.09375	0.3125
0.28125	0.15625	0.46875	0.09375
0.21875	0.40625	0.125	0.25
0.0	0.96875	0.0	0.03125
0.125	0.875	0.0	0.0
0.4375	0.4375	0.0	0.125
0.6875	0.125	0.0	0.1875
0.25	0.0625	0.15625	0.53125
0.03125	0.0	0.9375	0.03125
0.59375	0.15625	0.09375	0.15625
0.0	0.96875	0.0	0.03125
0.0	1.0	0.0	0.0
0.4375	0.375	0.03125	0.15625
0.25	0.0625	0.21875	0.46875
0.375	0.3125	0.125	0.1875
0.3125	0.28125	0.1875	0.21875

