MEME version 4

ALPHABET= ACGT

strands: + -

Background letter frequencies (from unknown source)
A 0.250 C 0.250 G 0.250 T 0.250

MOTIF Pfenning_D1pos_Nac_fold5_1.fwd
letter-probability matrix: alength= 4 w= 21 nsites= 1112 E= 0
0.247302158273	0.222122302158	0.25	0.280575539568
0.242805755396	0.262589928058	0.20773381295	0.286870503597
0.261690647482	0.217625899281	0.237410071942	0.283273381295
0.263489208633	0.251798561151	0.254496402878	0.230215827338
0.277877697842	0.251798561151	0.198741007194	0.271582733813
0.269784172662	0.214028776978	0.236510791367	0.279676258993
0.22571942446	0.322841726619	0.20773381295	0.243705035971
0.281474820144	0.200539568345	0.223021582734	0.294964028777
0.309352517986	0.130395683453	0.328237410072	0.232014388489
0.312050359712	0.267086330935	0.177158273381	0.243705035971
0.220323741007	0.0647482014388	0.456834532374	0.25809352518
0.0782374100719	0.847122302158	0.0359712230216	0.0386690647482
0.464928057554	0.0467625899281	0.0692446043165	0.419064748201
0.0548561151079	0.227517985612	0.672661870504	0.044964028777
0.585431654676	0.0152877697842	0.0431654676259	0.356115107914
0.0287769784173	0.00719424460432	0.913669064748	0.0503597122302
0.0260791366906	0.937949640288	0.00629496402878	0.0296762589928
0.341726618705	0.105215827338	0.0611510791367	0.49190647482
0.10071942446	0.268884892086	0.486510791367	0.143884892086
0.349820143885	0.195143884892	0.163669064748	0.291366906475
0.219424460432	0.196043165468	0.322841726619	0.261690647482

MOTIF Pfenning_D1pos_Nac_fold5_2.fwd
letter-probability matrix: alength= 4 w= 21 nsites= 837 E= 0
0.242532855436	0.260454002389	0.243727598566	0.253285543608
0.335722819594	0.194743130227	0.197132616487	0.272401433692
0.213859020311	0.241338112306	0.340501792115	0.204301075269
0.266427718041	0.338112305854	0.193548387097	0.201911589008
0.31780167264	0.278375149343	0.204301075269	0.199522102748
0.353643966547	0.115890083632	0.273596176822	0.256869772999
0.119474313023	0.10752688172	0.659498207885	0.113500597372
0.135005973716	0.649940262843	0.0908004778973	0.124253285544
0.336917562724	0.124253285544	0.109916367981	0.428912783751
0.113500597372	0.131421744325	0.591397849462	0.163679808841
0.178016726404	0.418160095579	0.227001194743	0.176821983274
0.173237753883	0.47550776583	0.143369175627	0.207885304659
0.26284348865	0.152927120669	0.139784946237	0.444444444444
0.173237753883	0.163679808841	0.428912783751	0.234169653524
0.224611708483	0.236559139785	0.274790919952	0.26403823178
0.254480286738	0.286738351254	0.216248506571	0.242532855436
0.329749103943	0.169653524492	0.255675029869	0.244922341697
0.268817204301	0.271206690562	0.222222222222	0.237753882915
0.293906810036	0.235364396655	0.213859020311	0.256869772999
0.305854241338	0.217443249701	0.227001194743	0.249701314217
0.308243727599	0.218637992832	0.219832735962	0.253285543608

MOTIF Pfenning_D1pos_Nac_fold5_3.fwd
letter-probability matrix: alength= 4 w= 21 nsites= 697 E= 0
0.243902439024	0.220946915352	0.302725968436	0.232424677188
0.305595408895	0.19512195122	0.268292682927	0.230989956958
0.278335724534	0.19368723099	0.268292682927	0.259684361549
0.285509325681	0.239598278336	0.282639885222	0.19225251076
0.329985652798	0.150645624103	0.276901004304	0.242467718795
0.282639885222	0.209469153515	0.32281205165	0.185078909613
0.268292682927	0.110473457676	0.255380200861	0.365853658537
0.19368723099	0.177905308465	0.545193687231	0.0832137733142
0.299856527977	0.0344332855093	0.114777618364	0.550932568149
0.0100430416069	0.00717360114778	0.977044476327	0.00573888091822
0.0502152080344	0.00573888091822	0.166427546628	0.777618364419
0.200860832138	0.00430416068867	0.793400286944	0.00143472022956
0.00143472022956	0.0	0.994261119082	0.00430416068867
0.00143472022956	0.00143472022956	0.992826398852	0.00430416068867
0.447632711621	0.0875179340029	0.0229555236729	0.441893830703
0.103299856528	0.0100430416069	0.80487804878	0.0817790530846
0.090387374462	0.0616929698709	0.639885222382	0.208034433286
0.32137733142	0.167862266858	0.295552367288	0.215208034433
0.325681492109	0.101865136298	0.327116212339	0.245337159254
0.285509325681	0.177905308465	0.295552367288	0.241032998565
0.272596843615	0.182209469154	0.259684361549	0.285509325681

MOTIF Pfenning_D1pos_Nac_fold5_4.fwd
letter-probability matrix: alength= 4 w= 21 nsites= 664 E= 0
0.302710843373	0.183734939759	0.248493975904	0.265060240964
0.272590361446	0.198795180723	0.28313253012	0.245481927711
0.289156626506	0.224397590361	0.251506024096	0.234939759036
0.28765060241	0.186746987952	0.26656626506	0.259036144578
0.260542168675	0.245481927711	0.260542168675	0.23343373494
0.26656626506	0.176204819277	0.257530120482	0.299698795181
0.439759036145	0.227409638554	0.293674698795	0.039156626506
0.0120481927711	0.00301204819277	0.00301204819277	0.981927710843
0.00301204819277	0.00150602409639	0.92921686747	0.066265060241
0.987951807229	0.0120481927711	0.0	0.0
0.112951807229	0.768072289157	0.0135542168675	0.105421686747
0.00301204819277	0.0	0.00301204819277	0.993975903614
0.168674698795	0.822289156627	0.00301204819277	0.00602409638554
0.993975903614	0.00451807228916	0.0	0.00150602409639
0.0828313253012	0.228915662651	0.221385542169	0.46686746988
0.275602409639	0.237951807229	0.183734939759	0.302710843373
0.204819277108	0.329819277108	0.236445783133	0.228915662651
0.286144578313	0.228915662651	0.191265060241	0.293674698795
0.253012048193	0.224397590361	0.242469879518	0.280120481928
0.284638554217	0.204819277108	0.201807228916	0.308734939759
0.28765060241	0.231927710843	0.203313253012	0.277108433735

MOTIF Pfenning_D1pos_Nac_fold5_5.fwd
letter-probability matrix: alength= 4 w= 21 nsites= 642 E= 0
0.260124610592	0.214953271028	0.225856697819	0.299065420561
0.281931464174	0.219626168224	0.196261682243	0.302180685358
0.328660436137	0.208722741433	0.202492211838	0.260124610592
0.316199376947	0.163551401869	0.275700934579	0.244548286604
0.309968847352	0.155763239875	0.275700934579	0.258566978193
0.299065420561	0.118380062305	0.236760124611	0.345794392523
0.123052959502	0.095015576324	0.373831775701	0.408099688474
0.0872274143302	0.665109034268	0.0529595015576	0.194704049844
0.0171339563863	0.0140186915888	0.00311526479751	0.965732087227
0.973520249221	0.00934579439252	0.00934579439252	0.00778816199377
0.177570093458	0.00778816199377	0.0	0.814641744548
0.0841121495327	0.00623052959502	0.00311526479751	0.906542056075
0.0514018691589	0.0218068535826	0.00311526479751	0.923676012461
0.177570093458	0.0420560747664	0.00623052959502	0.774143302181
0.216510903427	0.0311526479751	0.0732087227414	0.679127725857
0.747663551402	0.0327102803738	0.190031152648	0.0295950155763
0.261682242991	0.0763239875389	0.515576323988	0.146417445483
0.356697819315	0.336448598131	0.119937694704	0.18691588785
0.352024922118	0.211838006231	0.143302180685	0.292834890966
0.297507788162	0.249221183801	0.165109034268	0.288161993769
0.285046728972	0.264797507788	0.160436137072	0.289719626168

MOTIF Pfenning_D1pos_Nac_fold5_6.fwd
letter-probability matrix: alength= 4 w= 21 nsites= 616 E= 0
0.301948051948	0.157467532468	0.209415584416	0.331168831169
0.267857142857	0.224025974026	0.246753246753	0.261363636364
0.337662337662	0.167207792208	0.237012987013	0.258116883117
0.345779220779	0.220779220779	0.206168831169	0.227272727273
0.321428571429	0.24512987013	0.12987012987	0.303571428571
0.279220779221	0.24025974026	0.162337662338	0.318181818182
0.038961038961	0.00974025974026	0.0	0.951298701299
0.00162337662338	0.00811688311688	0.964285714286	0.025974025974
0.602272727273	0.0275974025974	0.0227272727273	0.347402597403
0.0146103896104	0.980519480519	0.00487012987013	0.0
0.959415584416	0.0	0.00487012987013	0.0357142857143
0.0665584415584	0.0340909090909	0.772727272727	0.126623376623
0.228896103896	0.358766233766	0.183441558442	0.228896103896
0.258116883117	0.168831168831	0.131493506494	0.441558441558
0.241883116883	0.227272727273	0.170454545455	0.36038961039
0.327922077922	0.191558441558	0.181818181818	0.298701298701
0.297077922078	0.232142857143	0.206168831169	0.26461038961
0.292207792208	0.198051948052	0.163961038961	0.345779220779
0.284090909091	0.186688311688	0.253246753247	0.275974025974
0.321428571429	0.212662337662	0.202922077922	0.262987012987
0.280844155844	0.207792207792	0.230519480519	0.280844155844

MOTIF Pfenning_D1pos_Nac_fold5_7.fwd
letter-probability matrix: alength= 4 w= 21 nsites= 488 E= 0
0.276639344262	0.188524590164	0.206967213115	0.327868852459
0.325819672131	0.165983606557	0.172131147541	0.33606557377
0.309426229508	0.209016393443	0.18237704918	0.299180327869
0.299180327869	0.170081967213	0.202868852459	0.327868852459
0.309426229508	0.21106557377	0.260245901639	0.219262295082
0.469262295082	0.104508196721	0.137295081967	0.28893442623
0.243852459016	0.0594262295082	0.590163934426	0.106557377049
0.475409836066	0.184426229508	0.200819672131	0.139344262295
0.493852459016	0.0532786885246	0.305327868852	0.147540983607
0.52868852459	0.0450819672131	0.33606557377	0.0901639344262
0.674180327869	0.0286885245902	0.239754098361	0.0573770491803
0.81762295082	0.0122950819672	0.139344262295	0.030737704918
0.944672131148	0.00614754098361	0.0327868852459	0.016393442623
0.93237704918	0.00409836065574	0.0348360655738	0.0286885245902
0.928278688525	0.00819672131148	0.0327868852459	0.030737704918
0.93237704918	0.0102459016393	0.0348360655738	0.0225409836066
0.81762295082	0.0225409836066	0.0819672131148	0.077868852459
0.71106557377	0.0676229508197	0.0881147540984	0.133196721311
0.606557377049	0.0901639344262	0.114754098361	0.188524590164
0.411885245902	0.157786885246	0.184426229508	0.245901639344
0.340163934426	0.245901639344	0.15368852459	0.260245901639

MOTIF Pfenning_D1pos_Nac_fold5_8.fwd
letter-probability matrix: alength= 4 w= 21 nsites= 434 E= 0
0.207373271889	0.315668202765	0.225806451613	0.251152073733
0.241935483871	0.28801843318	0.239631336406	0.230414746544
0.258064516129	0.281105990783	0.244239631336	0.216589861751
0.232718894009	0.308755760369	0.207373271889	0.251152073733
0.283410138249	0.290322580645	0.200460829493	0.225806451613
0.269585253456	0.306451612903	0.175115207373	0.248847926267
0.200460829493	0.290322580645	0.218894009217	0.290322580645
0.179723502304	0.398617511521	0.228110599078	0.193548387097
0.200460829493	0.509216589862	0.0714285714286	0.218894009217
0.228110599078	0.198156682028	0.290322580645	0.283410138249
0.0506912442396	0.596774193548	0.239631336406	0.112903225806
0.0829493087558	0.806451612903	0.0506912442396	0.0599078341014
0.168202764977	0.555299539171	0.0576036866359	0.218894009217
0.269585253456	0.21198156682	0.437788018433	0.0806451612903
0.00460829493088	0.976958525346	0.0115207373272	0.00691244239631
0.00691244239631	0.0115207373272	0.94930875576	0.0322580645161
0.0391705069124	0.760368663594	0.124423963134	0.0760368663594
0.193548387097	0.225806451613	0.177419354839	0.403225806452
0.129032258065	0.276497695853	0.304147465438	0.290322580645
0.26267281106	0.297235023041	0.168202764977	0.271889400922
0.209677419355	0.285714285714	0.26267281106	0.241935483871

MOTIF Pfenning_D1pos_Nac_fold5_9.fwd
letter-probability matrix: alength= 4 w= 21 nsites= 399 E= 0
0.218045112782	0.298245614035	0.248120300752	0.235588972431
0.298245614035	0.25313283208	0.182957393484	0.265664160401
0.273182957393	0.220551378446	0.295739348371	0.210526315789
0.238095238095	0.295739348371	0.228070175439	0.238095238095
0.255639097744	0.34335839599	0.145363408521	0.255639097744
0.273182957393	0.145363408521	0.308270676692	0.273182957393
0.115288220551	0.147869674185	0.573934837093	0.16290726817
0.0401002506266	0.899749373434	0.0275689223058	0.0325814536341
0.446115288221	0.015037593985	0.00751879699248	0.531328320802
0.00250626566416	0.0501253132832	0.892230576441	0.0551378446115
0.0676691729323	0.799498746867	0.0751879699248	0.0576441102757
0.135338345865	0.694235588972	0.0451127819549	0.125313283208
0.305764411028	0.0300751879699	0.0551378446115	0.609022556391
0.0225563909774	0.00751879699248	0.949874686717	0.0200501253133
0.0726817042607	0.714285714286	0.0827067669173	0.130325814536
0.308270676692	0.205513784461	0.190476190476	0.295739348371
0.245614035088	0.293233082707	0.240601503759	0.220551378446
0.260651629073	0.293233082707	0.177944862155	0.268170426065
0.228070175439	0.255639097744	0.305764411028	0.210526315789
0.218045112782	0.235588972431	0.245614035088	0.300751879699
0.250626566416	0.265664160401	0.25313283208	0.230576441103

MOTIF Pfenning_D1pos_Nac_fold5_10.fwd
letter-probability matrix: alength= 4 w= 21 nsites= 379 E= 0
0.287598944591	0.218997361478	0.240105540897	0.253298153034
0.303430079156	0.195250659631	0.179419525066	0.321899736148
0.332453825858	0.195250659631	0.242744063325	0.229551451187
0.356200527704	0.187335092348	0.174142480211	0.282321899736
0.277044854881	0.182058047493	0.240105540897	0.300791556728
0.337730870712	0.126649076517	0.287598944591	0.248021108179
0.279683377309	0.200527704485	0.303430079156	0.21635883905
0.316622691293	0.189973614776	0.134564643799	0.358839050132
0.34036939314	0.12401055409	0.308707124011	0.22691292876
0.21635883905	0.0949868073879	0.0870712401055	0.601583113456
0.926121372032	0.0369393139842	0.0263852242744	0.0105540897098
0.973614775726	0.00263852242744	0.00527704485488	0.0184696569921
0.0131926121372	0.0	0.00263852242744	0.984168865435
0.0131926121372	0.0395778364116	0.0422163588391	0.905013192612
0.77308707124	0.0474934036939	0.0474934036939	0.131926121372
0.10290237467	0.158311345646	0.522427440633	0.21635883905
0.255936675462	0.424802110818	0.145118733509	0.174142480211
0.414248021108	0.229551451187	0.110817941953	0.245382585752
0.245382585752	0.179419525066	0.187335092348	0.387862796834
0.253298153034	0.155672823219	0.248021108179	0.343007915567
0.21635883905	0.253298153034	0.200527704485	0.32981530343

MOTIF Pfenning_D1pos_Nac_fold5_11.fwd
letter-probability matrix: alength= 4 w= 21 nsites= 361 E= 0
0.307479224377	0.182825484765	0.185595567867	0.324099722992
0.238227146814	0.193905817175	0.254847645429	0.313019390582
0.138504155125	0.285318559557	0.13296398892	0.443213296399
0.218836565097	0.182825484765	0.398891966759	0.19944598338
0.385041551247	0.0831024930748	0.335180055402	0.196675900277
0.12188365651	0.797783933518	0.0249307479224	0.0554016620499
0.00277008310249	0.994459833795	0.0	0.00277008310249
0.839335180055	0.0221606648199	0.0720221606648	0.0664819944598
0.0332409972299	0.623268698061	0.321329639889	0.0221606648199
0.216066481994	0.307479224377	0.0470914127424	0.429362880886
0.883656509695	0.0360110803324	0.0332409972299	0.0470914127424
0.0	0.0	0.997229916898	0.00277008310249
0.421052631579	0.00277008310249	0.567867036011	0.00831024930748
0.01108033241	0.00554016620499	0.443213296399	0.540166204986
0.00277008310249	0.00277008310249	0.986149584488	0.00831024930748
0.00554016620499	0.00554016620499	0.927977839335	0.0609418282548
0.12188365651	0.795013850416	0.0138504155125	0.0692520775623
0.520775623269	0.0249307479224	0.412742382271	0.0415512465374
0.102493074792	0.440443213296	0.382271468144	0.0747922437673
0.116343490305	0.365650969529	0.0803324099723	0.437673130194
0.459833795014	0.227146814404	0.257617728532	0.0554016620499

MOTIF Pfenning_D1pos_Nac_fold5_12.fwd
letter-probability matrix: alength= 4 w= 21 nsites= 231 E= 0
0.181818181818	0.30303030303	0.203463203463	0.311688311688
0.190476190476	0.324675324675	0.233766233766	0.251082251082
0.251082251082	0.238095238095	0.225108225108	0.285714285714
0.229437229437	0.30303030303	0.199134199134	0.268398268398
0.307359307359	0.25974025974	0.212121212121	0.220779220779
0.242424242424	0.199134199134	0.307359307359	0.251082251082
0.190476190476	0.450216450216	0.160173160173	0.199134199134
0.285714285714	0.363636363636	0.0822510822511	0.268398268398
0.220779220779	0.515151515152	0.190476190476	0.0735930735931
0.004329004329	0.991341991342	0.004329004329	0.0
0.038961038961	0.0	0.904761904762	0.0562770562771
0.0	0.974025974026	0.017316017316	0.00865800865801
0.025974025974	0.774891774892	0.004329004329	0.194805194805
0.017316017316	0.580086580087	0.0865800865801	0.316017316017
0.307359307359	0.411255411255	0.0995670995671	0.181818181818
0.04329004329	0.861471861472	0.030303030303	0.0649350649351
0.281385281385	0.186147186147	0.229437229437	0.30303030303
0.125541125541	0.367965367965	0.212121212121	0.294372294372
0.207792207792	0.285714285714	0.246753246753	0.25974025974
0.194805194805	0.350649350649	0.168831168831	0.285714285714
0.246753246753	0.238095238095	0.177489177489	0.337662337662

MOTIF Pfenning_D1pos_Nac_fold5_13.fwd
letter-probability matrix: alength= 4 w= 21 nsites= 225 E= 0
0.342222222222	0.191111111111	0.177777777778	0.288888888889
0.275555555556	0.164444444444	0.204444444444	0.355555555556
0.244444444444	0.186666666667	0.222222222222	0.346666666667
0.213333333333	0.155555555556	0.204444444444	0.426666666667
0.253333333333	0.177777777778	0.146666666667	0.422222222222
0.337777777778	0.168888888889	0.106666666667	0.386666666667
0.217777777778	0.124444444444	0.0266666666667	0.631111111111
0.0355555555556	0.0133333333333	0.00888888888889	0.942222222222
0.00444444444444	0.0177777777778	0.0133333333333	0.964444444444
0.08	0.0533333333333	0.0533333333333	0.813333333333
0.48	0.182222222222	0.191111111111	0.146666666667
0.911111111111	0.04	0.0355555555556	0.0133333333333
0.92	0.0222222222222	0.0311111111111	0.0266666666667
0.866666666667	0.0222222222222	0.0622222222222	0.0488888888889
0.506666666667	0.08	0.195555555556	0.217777777778
0.182222222222	0.146666666667	0.515555555556	0.155555555556
0.391111111111	0.266666666667	0.0977777777778	0.244444444444
0.413333333333	0.124444444444	0.333333333333	0.128888888889
0.417777777778	0.204444444444	0.168888888889	0.208888888889
0.386666666667	0.195555555556	0.186666666667	0.231111111111
0.337777777778	0.142222222222	0.177777777778	0.342222222222

MOTIF Pfenning_D1pos_Nac_fold5_14.fwd
letter-probability matrix: alength= 4 w= 21 nsites= 186 E= 0
0.274193548387	0.258064516129	0.166666666667	0.301075268817
0.236559139785	0.225806451613	0.258064516129	0.279569892473
0.204301075269	0.209677419355	0.279569892473	0.306451612903
0.295698924731	0.0752688172043	0.516129032258	0.112903225806
0.0591397849462	0.0913978494624	0.220430107527	0.629032258065
0.102150537634	0.258064516129	0.0268817204301	0.612903225806
0.225806451613	0.123655913978	0.241935483871	0.408602150538
0.0698924731183	0.693548387097	0.0752688172043	0.161290322581
0.0	0.91935483871	0.0	0.0806451612903
0.564516129032	0.204301075269	0.0215053763441	0.209677419355
0.0967741935484	0.0215053763441	0.0215053763441	0.860215053763
0.354838709677	0.0	0.623655913978	0.0215053763441
0.0322580645161	0.010752688172	0.956989247312	0.0
0.215053763441	0.661290322581	0.0268817204301	0.0967741935484
0.956989247312	0.0	0.0215053763441	0.0215053763441
0.983870967742	0.0	0.00537634408602	0.010752688172
0.0161290322581	0.978494623656	0.0	0.00537634408602
0.397849462366	0.327956989247	0.145161290323	0.129032258065
0.279569892473	0.198924731183	0.338709677419	0.182795698925
0.236559139785	0.284946236559	0.236559139785	0.241935483871
0.268817204301	0.258064516129	0.182795698925	0.290322580645

MOTIF Pfenning_D1pos_Nac_fold5_15.fwd
letter-probability matrix: alength= 4 w= 21 nsites= 101 E= 0
0.237623762376	0.217821782178	0.118811881188	0.425742574257
0.287128712871	0.178217821782	0.227722772277	0.306930693069
0.19801980198	0.178217821782	0.29702970297	0.326732673267
0.277227722772	0.178217821782	0.178217821782	0.366336633663
0.287128712871	0.118811881188	0.19801980198	0.39603960396
0.49504950495	0.178217821782	0.118811881188	0.207920792079
0.425742574257	0.039603960396	0.00990099009901	0.524752475248
0.029702970297	0.00990099009901	0.029702970297	0.930693069307
0.0	0.029702970297	0.039603960396	0.930693069307
0.257425742574	0.207920792079	0.0891089108911	0.445544554455
0.732673267327	0.0990099009901	0.0693069306931	0.0990099009901
0.881188118812	0.0891089108911	0.019801980198	0.00990099009901
0.851485148515	0.0	0.039603960396	0.108910891089
0.386138613861	0.118811881188	0.287128712871	0.207920792079
0.287128712871	0.158415841584	0.247524752475	0.306930693069
0.0693069306931	0.217821782178	0.673267326733	0.039603960396
0.376237623762	0.445544554455	0.029702970297	0.148514851485
0.415841584158	0.0594059405941	0.336633663366	0.188118811881
0.217821782178	0.346534653465	0.19801980198	0.237623762376
0.277227722772	0.257425742574	0.148514851485	0.316831683168
0.188118811881	0.207920792079	0.336633663366	0.267326732673

MOTIF Pfenning_D1pos_Nac_fold5_16.fwd
letter-probability matrix: alength= 4 w= 21 nsites= 76 E= 0
0.263157894737	0.302631578947	0.263157894737	0.171052631579
0.328947368421	0.236842105263	0.131578947368	0.302631578947
0.302631578947	0.197368421053	0.210526315789	0.289473684211
0.263157894737	0.210526315789	0.210526315789	0.315789473684
0.236842105263	0.25	0.263157894737	0.25
0.223684210526	0.289473684211	0.197368421053	0.289473684211
0.223684210526	0.131578947368	0.342105263158	0.302631578947
0.276315789474	0.210526315789	0.263157894737	0.25
0.394736842105	0.184210526316	0.368421052632	0.0526315789474
0.0	0.0	0.0	1.0
0.0	0.0	0.0131578947368	0.986842105263
1.0	0.0	0.0	0.0
0.0131578947368	0.105263157895	0.0263157894737	0.855263157895
0.157894736842	0.0131578947368	0.802631578947	0.0263157894737
0.0131578947368	0.105263157895	0.0	0.881578947368
0.973684210526	0.0131578947368	0.0	0.0131578947368
1.0	0.0	0.0	0.0
0.236842105263	0.302631578947	0.184210526316	0.276315789474
0.368421052632	0.236842105263	0.184210526316	0.210526315789
0.197368421053	0.223684210526	0.289473684211	0.289473684211
0.236842105263	0.263157894737	0.276315789474	0.223684210526

MOTIF Pfenning_D1pos_Nac_fold5_17.fwd
letter-probability matrix: alength= 4 w= 21 nsites= 75 E= 0
0.146666666667	0.413333333333	0.253333333333	0.186666666667
0.306666666667	0.213333333333	0.2	0.28
0.226666666667	0.346666666667	0.226666666667	0.2
0.2	0.306666666667	0.213333333333	0.28
0.16	0.266666666667	0.173333333333	0.4
0.12	0.453333333333	0.24	0.186666666667
0.106666666667	0.706666666667	0.0266666666667	0.16
0.106666666667	0.146666666667	0.373333333333	0.373333333333
0.0	0.986666666667	0.0	0.0133333333333
0.16	0.506666666667	0.106666666667	0.226666666667
0.0533333333333	0.84	0.0	0.106666666667
0.08	0.0533333333333	0.693333333333	0.173333333333
0.0133333333333	0.933333333333	0.0266666666667	0.0266666666667
0.2	0.186666666667	0.173333333333	0.44
0.12	0.386666666667	0.386666666667	0.106666666667
0.186666666667	0.306666666667	0.226666666667	0.28
0.186666666667	0.413333333333	0.253333333333	0.146666666667
0.24	0.186666666667	0.226666666667	0.346666666667
0.2	0.32	0.293333333333	0.186666666667
0.226666666667	0.346666666667	0.2	0.226666666667
0.146666666667	0.386666666667	0.253333333333	0.213333333333

MOTIF Pfenning_D1pos_Nac_fold5_18.fwd
letter-probability matrix: alength= 4 w= 21 nsites= 83 E= 0
0.253012048193	0.313253012048	0.228915662651	0.204819277108
0.192771084337	0.228915662651	0.349397590361	0.228915662651
0.265060240964	0.313253012048	0.253012048193	0.168674698795
0.253012048193	0.21686746988	0.361445783133	0.168674698795
0.228915662651	0.240963855422	0.33734939759	0.192771084337
0.192771084337	0.469879518072	0.120481927711	0.21686746988
0.156626506024	0.168674698795	0.361445783133	0.313253012048
0.0963855421687	0.614457831325	0.204819277108	0.0843373493976
0.265060240964	0.506024096386	0.0722891566265	0.156626506024
0.0481927710843	0.0361445783133	0.879518072289	0.0361445783133
0.0	0.987951807229	0.0	0.0120481927711
0.0722891566265	0.0722891566265	0.746987951807	0.10843373494
0.0120481927711	0.795180722892	0.0481927710843	0.144578313253
0.132530120482	0.204819277108	0.240963855422	0.421686746988
0.0602409638554	0.698795180723	0.10843373494	0.132530120482
0.168674698795	0.168674698795	0.385542168675	0.277108433735
0.0843373493976	0.33734939759	0.469879518072	0.10843373494
0.168674698795	0.421686746988	0.132530120482	0.277108433735
0.120481927711	0.240963855422	0.289156626506	0.349397590361
0.144578313253	0.373493975904	0.180722891566	0.301204819277
0.277108433735	0.204819277108	0.168674698795	0.349397590361

MOTIF Pfenning_D1pos_Nac_fold5_19.fwd
letter-probability matrix: alength= 4 w= 21 nsites= 53 E= 0
0.547169811321	0.0377358490566	0.0	0.415094339623
0.207547169811	0.0188679245283	0.0377358490566	0.735849056604
0.0188679245283	0.0188679245283	0.0754716981132	0.88679245283
0.150943396226	0.301886792453	0.188679245283	0.358490566038
0.679245283019	0.11320754717	0.0943396226415	0.11320754717
0.905660377358	0.0188679245283	0.0566037735849	0.0188679245283
0.792452830189	0.0188679245283	0.11320754717	0.0754716981132
0.245283018868	0.11320754717	0.320754716981	0.320754716981
0.301886792453	0.301886792453	0.188679245283	0.207547169811
0.339622641509	0.264150943396	0.264150943396	0.132075471698
0.509433962264	0.150943396226	0.0188679245283	0.320754716981
0.188679245283	0.0377358490566	0.622641509434	0.150943396226
0.283018867925	0.490566037736	0.132075471698	0.0943396226415
0.301886792453	0.150943396226	0.22641509434	0.320754716981
0.169811320755	0.150943396226	0.150943396226	0.528301886792
0.22641509434	0.150943396226	0.150943396226	0.471698113208
0.339622641509	0.207547169811	0.132075471698	0.320754716981
0.396226415094	0.22641509434	0.245283018868	0.132075471698
0.339622641509	0.150943396226	0.11320754717	0.396226415094
0.22641509434	0.22641509434	0.169811320755	0.377358490566
0.245283018868	0.169811320755	0.245283018868	0.339622641509

