MEME version 4

ALPHABET= ACGT

strands: + -

Background letter frequencies (from unknown source)
A 0.250 C 0.250 G 0.250 T 0.250

MOTIF Pfenning_D2pos_Cpu_fold1_1.fwd
letter-probability matrix: alength= 4 w= 21 nsites= 1212 E= 0
0.318481848185	0.220297029703	0.182343234323	0.278877887789
0.325082508251	0.230198019802	0.184818481848	0.259900990099
0.293729372937	0.213696369637	0.184818481848	0.307755775578
0.273927392739	0.233498349835	0.191419141914	0.301155115512
0.310231023102	0.211221122112	0.217821782178	0.260726072607
0.368811881188	0.192244224422	0.193894389439	0.24504950495
0.392739273927	0.170792079208	0.193069306931	0.243399339934
0.207920792079	0.207095709571	0.281353135314	0.303630363036
0.157590759076	0.687293729373	0.0717821782178	0.0833333333333
0.0858085808581	0.029702970297	0.0016501650165	0.882838283828
0.0049504950495	0.00412541254125	0.988448844884	0.00247524752475
0.182343234323	0.0412541254125	0.00742574257426	0.76897689769
0.00660066006601	0.981848184818	0.00660066006601	0.0049504950495
0.894389438944	0.0016501650165	0.0173267326733	0.0866336633663
0.244224422442	0.253300330033	0.259075907591	0.243399339934
0.285478547855	0.143564356436	0.177392739274	0.393564356436
0.173267326733	0.330858085809	0.190594059406	0.305280528053
0.38696369637	0.162541254125	0.155115511551	0.295379537954
0.274752475248	0.193894389439	0.231848184818	0.299504950495
0.311056105611	0.209570957096	0.203795379538	0.275577557756
0.297854785479	0.219471947195	0.213696369637	0.26897689769

MOTIF Pfenning_D2pos_Cpu_fold1_2.fwd
letter-probability matrix: alength= 4 w= 21 nsites= 1082 E= 0
0.278188539741	0.199630314233	0.279112754159	0.243068391867
0.288354898336	0.197781885397	0.284658040665	0.229205175601
0.276340110906	0.172828096118	0.29112754159	0.259704251386
0.295748613678	0.193160813309	0.312384473198	0.198706099815
0.316081330869	0.166358595194	0.241219963031	0.276340110906
0.268022181146	0.198706099815	0.349353049908	0.183918669131
0.235674676525	0.142329020333	0.258780036969	0.363216266174
0.226432532348	0.156192236599	0.523105360444	0.09426987061
0.266173752311	0.14325323475	0.111829944547	0.478743068392
0.00739371534196	0.00184842883549	0.988909426987	0.00184842883549
0.0295748613678	0.0120147874307	0.170055452865	0.788354898336
0.227356746765	0.00554528650647	0.764325323475	0.00277264325323
0.000924214417745	0.00184842883549	0.987060998152	0.0101663585952
0.00277264325323	0.0	0.995378927911	0.00184842883549
0.435304990758	0.187615526802	0.0184842883549	0.358595194085
0.158964879852	0.0203327171904	0.690388170055	0.130314232902
0.105360443623	0.0813308687616	0.581330868762	0.231977818854
0.294824399261	0.18853974122	0.295748613678	0.220887245841
0.338262476895	0.150646950092	0.235674676525	0.275415896488
0.261552680222	0.182994454713	0.29112754159	0.264325323475
0.243992606285	0.213493530499	0.231053604436	0.31146025878

MOTIF Pfenning_D2pos_Cpu_fold1_3.fwd
letter-probability matrix: alength= 4 w= 21 nsites= 1036 E= 0
0.273166023166	0.25	0.223938223938	0.252895752896
0.269305019305	0.222972972973	0.233590733591	0.274131274131
0.271235521236	0.253861003861	0.237451737452	0.237451737452
0.277992277992	0.224903474903	0.207528957529	0.289575289575
0.254826254826	0.240347490347	0.245173745174	0.259652509653
0.285714285714	0.226833976834	0.204633204633	0.282818532819
0.289575289575	0.188223938224	0.294401544402	0.227799227799
0.212355212355	0.3638996139	0.175675675676	0.248069498069
0.256756756757	0.105212355212	0.28667953668	0.351351351351
0.103281853282	0.683397683398	0.145752895753	0.0675675675676
0.428571428571	0.0723938223938	0.101351351351	0.397683397683
0.0723938223938	0.106177606178	0.790540540541	0.030888030888
0.524131274131	0.0357142857143	0.023166023166	0.416988416988
0.0501930501931	0.00482625482625	0.90250965251	0.042471042471
0.0337837837838	0.92471042471	0.0250965250965	0.0164092664093
0.512548262548	0.0472972972973	0.0415057915058	0.398648648649
0.0955598455598	0.0945945945946	0.721042471042	0.0888030888031
0.346525096525	0.298262548263	0.145752895753	0.209459459459
0.259652509653	0.156370656371	0.326254826255	0.257722007722
0.269305019305	0.242277992278	0.239382239382	0.249034749035
0.292471042471	0.225868725869	0.201737451737	0.279922779923

MOTIF Pfenning_D2pos_Cpu_fold1_4.fwd
letter-probability matrix: alength= 4 w= 21 nsites= 484 E= 0
0.256198347107	0.22520661157	0.25826446281	0.260330578512
0.229338842975	0.29132231405	0.223140495868	0.256198347107
0.280991735537	0.262396694215	0.210743801653	0.245867768595
0.21694214876	0.328512396694	0.223140495868	0.231404958678
0.260330578512	0.297520661157	0.22520661157	0.21694214876
0.21694214876	0.336776859504	0.219008264463	0.227272727273
0.194214876033	0.245867768595	0.355371900826	0.204545454545
0.243801652893	0.425619834711	0.140495867769	0.190082644628
0.237603305785	0.322314049587	0.314049586777	0.126033057851
0.252066115702	0.413223140496	0.140495867769	0.194214876033
0.144628099174	0.142561983471	0.580578512397	0.132231404959
0.0123966942149	0.971074380165	0.0123966942149	0.00413223140496
0.0454545454545	0.00826446280992	0.869834710744	0.0764462809917
0.0557851239669	0.768595041322	0.115702479339	0.0599173553719
0.311983471074	0.173553719008	0.101239669421	0.413223140496
0.0330578512397	0.099173553719	0.681818181818	0.185950413223
0.146694214876	0.609504132231	0.095041322314	0.148760330579
0.221074380165	0.214876033058	0.247933884298	0.316115702479
0.157024793388	0.245867768595	0.330578512397	0.26652892562
0.25	0.351239669421	0.157024793388	0.24173553719
0.194214876033	0.227272727273	0.27479338843	0.303719008264

MOTIF Pfenning_D2pos_Cpu_fold1_5.fwd
letter-probability matrix: alength= 4 w= 21 nsites= 463 E= 0
0.298056155508	0.213822894168	0.157667386609	0.330453563715
0.302375809935	0.205183585313	0.226781857451	0.2656587473
0.295896328294	0.200863930886	0.211663066955	0.291576673866
0.274298056156	0.172786177106	0.244060475162	0.308855291577
0.358531317495	0.203023758099	0.213822894168	0.224622030238
0.306695464363	0.177105831533	0.278617710583	0.237580993521
0.237580993521	0.226781857451	0.274298056156	0.261339092873
0.263498920086	0.172786177106	0.298056155508	0.2656587473
0.41252699784	0.280777537797	0.241900647948	0.0647948164147
0.0302375809935	0.00647948164147	0.00431965442765	0.958963282937
0.0129589632829	0.0172786177106	0.820734341253	0.149028077754
0.974082073434	0.0	0.00431965442765	0.0215982721382
0.0669546436285	0.00863930885529	0.80777537797	0.116630669546
0.0172786177106	0.00215982721382	0.00215982721382	0.978401727862
0.0129589632829	0.97192224622	0.00863930885529	0.00647948164147
0.974082073434	0.00431965442765	0.00647948164147	0.0151187904968
0.0496760259179	0.289416846652	0.209503239741	0.451403887689
0.323974082073	0.237580993521	0.181425485961	0.257019438445
0.237580993521	0.261339092873	0.257019438445	0.244060475162
0.239740820734	0.257019438445	0.19222462203	0.31101511879
0.218142548596	0.226781857451	0.231101511879	0.323974082073

MOTIF Pfenning_D2pos_Cpu_fold1_6.fwd
letter-probability matrix: alength= 4 w= 21 nsites= 456 E= 0
0.300438596491	0.214912280702	0.157894736842	0.326754385965
0.311403508772	0.177631578947	0.223684210526	0.287280701754
0.282894736842	0.190789473684	0.25	0.276315789474
0.34649122807	0.155701754386	0.217105263158	0.280701754386
0.304824561404	0.131578947368	0.241228070175	0.322368421053
0.160087719298	0.135964912281	0.350877192982	0.353070175439
0.188596491228	0.495614035088	0.103070175439	0.212719298246
0.0285087719298	0.214912280702	0.0372807017544	0.719298245614
0.675438596491	0.0679824561404	0.0592105263158	0.197368421053
0.646929824561	0.015350877193	0.0877192982456	0.25
0.901315789474	0.00438596491228	0.0285087719298	0.0657894736842
0.907894736842	0.00877192982456	0.00877192982456	0.0745614035088
0.730263157895	0.00438596491228	0.030701754386	0.234649122807
0.0219298245614	0.00657894736842	0.00657894736842	0.964912280702
0.969298245614	0.00219298245614	0.0241228070175	0.00438596491228
0.135964912281	0.0416666666667	0.769736842105	0.0526315789474
0.410087719298	0.337719298246	0.127192982456	0.125
0.383771929825	0.188596491228	0.100877192982	0.326754385965
0.232456140351	0.304824561404	0.162280701754	0.300438596491
0.252192982456	0.269736842105	0.160087719298	0.31798245614
0.234649122807	0.203947368421	0.234649122807	0.326754385965

MOTIF Pfenning_D2pos_Cpu_fold1_7.fwd
letter-probability matrix: alength= 4 w= 21 nsites= 319 E= 0
0.297805642633	0.184952978056	0.241379310345	0.275862068966
0.344827586207	0.181818181818	0.238244514107	0.235109717868
0.351097178683	0.15987460815	0.30407523511	0.184952978056
0.363636363636	0.166144200627	0.191222570533	0.278996865204
0.266457680251	0.166144200627	0.282131661442	0.28526645768
0.300940438871	0.191222570533	0.153605015674	0.354231974922
0.260188087774	0.0783699059561	0.297805642633	0.363636363636
0.764890282132	0.0752351097179	0.0532915360502	0.1065830721
0.680250783699	0.0313479623824	0.0219435736677	0.266457680251
0.109717868339	0.00313479623824	0.012539184953	0.87460815047
0.0282131661442	0.0344827586207	0.0532915360502	0.884012539185
0.532915360502	0.0909090909091	0.0721003134796	0.30407523511
0.222570532915	0.0689655172414	0.0470219435737	0.66144200627
0.103448275862	0.0626959247649	0.194357366771	0.639498432602
0.100313479624	0.398119122257	0.0626959247649	0.438871473354
0.379310344828	0.119122257053	0.0564263322884	0.445141065831
0.228840125392	0.228840125392	0.169278996865	0.373040752351
0.341692789969	0.200626959248	0.184952978056	0.272727272727
0.347962382445	0.263322884013	0.119122257053	0.269592476489
0.322884012539	0.219435736677	0.235109717868	0.222570532915
0.272727272727	0.206896551724	0.194357366771	0.326018808777

MOTIF Pfenning_D2pos_Cpu_fold1_8.fwd
letter-probability matrix: alength= 4 w= 21 nsites= 311 E= 0
0.324758842444	0.144694533762	0.167202572347	0.363344051447
0.337620578778	0.228295819936	0.212218649518	0.221864951768
0.064308681672	0.228295819936	0.260450160772	0.446945337621
0.430868167203	0.08038585209	0.360128617363	0.128617363344
0.0675241157556	0.405144694534	0.450160771704	0.0771704180064
0.0385852090032	0.350482315113	0.016077170418	0.594855305466
0.048231511254	0.0225080385852	0.823151125402	0.106109324759
0.0675241157556	0.91961414791	0.0064308681672	0.0064308681672
0.0032154340836	0.987138263666	0.0	0.0096463022508
0.485530546624	0.491961414791	0.0128617363344	0.0096463022508
0.0	0.504823151125	0.0	0.495176848875
0.0	1.0	0.0	0.0
0.0418006430868	0.0675241157556	0.0192926045016	0.871382636656
0.469453376206	0.0385852090032	0.282958199357	0.209003215434
0.0096463022508	0.282958199357	0.681672025723	0.0257234726688
0.0675241157556	0.064308681672	0.0096463022508	0.858520900322
0.0064308681672	0.0032154340836	0.983922829582	0.0064308681672
0.0450160771704	0.0257234726688	0.810289389068	0.118971061093
0.170418006431	0.389067524116	0.064308681672	0.376205787781
0.244372990354	0.347266881029	0.167202572347	0.24115755627
0.427652733119	0.122186495177	0.279742765273	0.170418006431

MOTIF Pfenning_D2pos_Cpu_fold1_9.fwd
letter-probability matrix: alength= 4 w= 21 nsites= 298 E= 0
0.392617449664	0.171140939597	0.174496644295	0.261744966443
0.318791946309	0.194630872483	0.291946308725	0.194630872483
0.429530201342	0.151006711409	0.140939597315	0.278523489933
0.208053691275	0.0771812080537	0.5	0.214765100671
0.295302013423	0.369127516779	0.11744966443	0.218120805369
0.332214765101	0.0872483221477	0.208053691275	0.372483221477
0.55033557047	0.110738255034	0.11744966443	0.221476510067
0.657718120805	0.0671140939597	0.0704697986577	0.204697986577
0.214765100671	0.0302013422819	0.0167785234899	0.738255033557
0.218120805369	0.0402684563758	0.0503355704698	0.691275167785
0.530201342282	0.0570469798658	0.0268456375839	0.385906040268
0.406040268456	0.0704697986577	0.0671140939597	0.456375838926
0.332214765101	0.0671140939597	0.110738255034	0.489932885906
0.379194630872	0.10067114094	0.104026845638	0.41610738255
0.553691275168	0.0738255033557	0.0939597315436	0.278523489933
0.530201342282	0.0570469798658	0.110738255034	0.302013422819
0.41610738255	0.11744966443	0.171140939597	0.295302013423
0.298657718121	0.167785234899	0.144295302013	0.389261744966
0.345637583893	0.214765100671	0.187919463087	0.251677852349
0.332214765101	0.204697986577	0.107382550336	0.355704697987
0.271812080537	0.157718120805	0.332214765101	0.238255033557

MOTIF Pfenning_D2pos_Cpu_fold1_10.fwd
letter-probability matrix: alength= 4 w= 21 nsites= 270 E= 0
0.296296296296	0.214814814815	0.266666666667	0.222222222222
0.27037037037	0.222222222222	0.2	0.307407407407
0.307407407407	0.192592592593	0.225925925926	0.274074074074
0.22962962963	0.214814814815	0.285185185185	0.27037037037
0.292592592593	0.262962962963	0.17037037037	0.274074074074
0.255555555556	0.266666666667	0.188888888889	0.288888888889
0.266666666667	0.12962962963	0.333333333333	0.27037037037
0.218518518519	0.274074074074	0.266666666667	0.240740740741
0.318518518519	0.218518518519	0.185185185185	0.277777777778
0.162962962963	0.118518518519	0.444444444444	0.274074074074
0.222222222222	0.614814814815	0.062962962963	0.1
0.385185185185	0.0888888888889	0.103703703704	0.422222222222
0.0518518518519	0.0814814814815	0.759259259259	0.107407407407
0.0407407407407	0.92962962963	0.00740740740741	0.0222222222222
0.425925925926	0.0518518518519	0.0148148148148	0.507407407407
0.0	0.0037037037037	0.985185185185	0.0111111111111
0.0111111111111	0.974074074074	0.0148148148148	0.0
0.440740740741	0.0666666666667	0.0296296296296	0.462962962963
0.111111111111	0.125925925926	0.577777777778	0.185185185185
0.237037037037	0.248148148148	0.237037037037	0.277777777778
0.225925925926	0.174074074074	0.314814814815	0.285185185185

MOTIF Pfenning_D2pos_Cpu_fold1_11.fwd
letter-probability matrix: alength= 4 w= 21 nsites= 223 E= 0
0.322869955157	0.224215246637	0.179372197309	0.273542600897
0.322869955157	0.165919282511	0.22869955157	0.282511210762
0.32735426009	0.224215246637	0.22869955157	0.219730941704
0.367713004484	0.19730941704	0.19730941704	0.237668161435
0.260089686099	0.14798206278	0.372197309417	0.219730941704
0.381165919283	0.112107623318	0.22869955157	0.27802690583
0.174887892377	0.188340807175	0.408071748879	0.22869955157
0.345291479821	0.188340807175	0.206278026906	0.260089686099
0.251121076233	0.152466367713	0.372197309417	0.224215246637
0.551569506726	0.112107623318	0.156950672646	0.179372197309
0.511210762332	0.130044843049	0.085201793722	0.273542600897
0.192825112108	0.0762331838565	0.0807174887892	0.650224215247
0.201793721973	0.0896860986547	0.206278026906	0.502242152466
0.582959641256	0.0986547085202	0.0627802690583	0.255605381166
0.529147982063	0.067264573991	0.085201793722	0.318385650224
0.381165919283	0.0582959641256	0.156950672646	0.403587443946
0.372197309417	0.22869955157	0.0538116591928	0.345291479821
0.479820627803	0.139013452915	0.130044843049	0.251121076233
0.439461883408	0.0627802690583	0.14798206278	0.349775784753
0.394618834081	0.192825112108	0.242152466368	0.170403587444
0.32735426009	0.255605381166	0.107623318386	0.309417040359

MOTIF Pfenning_D2pos_Cpu_fold1_12.fwd
letter-probability matrix: alength= 4 w= 21 nsites= 178 E= 0
0.26404494382	0.134831460674	0.421348314607	0.179775280899
0.269662921348	0.11797752809	0.432584269663	0.179775280899
0.337078651685	0.129213483146	0.331460674157	0.202247191011
0.247191011236	0.134831460674	0.47191011236	0.14606741573
0.213483146067	0.196629213483	0.47191011236	0.11797752809
0.432584269663	0.0449438202247	0.320224719101	0.202247191011
0.0842696629213	0.0674157303371	0.808988764045	0.0393258426966
0.308988764045	0.0505617977528	0.438202247191	0.202247191011
0.348314606742	0.0280898876404	0.595505617978	0.0280898876404
0.106741573034	0.0	0.870786516854	0.0224719101124
0.0224719101124	0.0224719101124	0.938202247191	0.0168539325843
0.662921348315	0.0280898876404	0.179775280899	0.129213483146
0.0505617977528	0.00561797752809	0.910112359551	0.0337078651685
0.0674157303371	0.0898876404494	0.769662921348	0.0730337078652
0.488764044944	0.112359550562	0.252808988764	0.14606741573
0.123595505618	0.0280898876404	0.775280898876	0.0730337078652
0.162921348315	0.308988764045	0.426966292135	0.101123595506
0.325842696629	0.196629213483	0.185393258427	0.292134831461
0.258426966292	0.101123595506	0.404494382022	0.23595505618
0.23595505618	0.219101123596	0.348314606742	0.196629213483
0.35393258427	0.196629213483	0.286516853933	0.162921348315

MOTIF Pfenning_D2pos_Cpu_fold1_13.fwd
letter-probability matrix: alength= 4 w= 21 nsites= 169 E= 0
0.307692307692	0.242603550296	0.201183431953	0.248520710059
0.242603550296	0.213017751479	0.218934911243	0.325443786982
0.384615384615	0.153846153846	0.230769230769	0.230769230769
0.378698224852	0.10650887574	0.236686390533	0.278106508876
0.177514792899	0.242603550296	0.313609467456	0.266272189349
0.384615384615	0.195266272189	0.153846153846	0.266272189349
0.313609467456	0.10650887574	0.289940828402	0.289940828402
0.479289940828	0.248520710059	0.130177514793	0.14201183432
0.544378698225	0.094674556213	0.0769230769231	0.284023668639
0.100591715976	0.0295857988166	0.0295857988166	0.840236686391
0.0887573964497	0.0355029585799	0.094674556213	0.781065088757
0.538461538462	0.165680473373	0.0414201183432	0.254437869822
0.390532544379	0.153846153846	0.0710059171598	0.384615384615
0.473372781065	0.0769230769231	0.0769230769231	0.372781065089
0.313609467456	0.242603550296	0.0591715976331	0.384615384615
0.443786982249	0.094674556213	0.0473372781065	0.414201183432
0.366863905325	0.0887573964497	0.14201183432	0.402366863905
0.449704142012	0.100591715976	0.177514792899	0.272189349112
0.384615384615	0.171597633136	0.165680473373	0.278106508876
0.449704142012	0.201183431953	0.213017751479	0.136094674556
0.295857988166	0.147928994083	0.112426035503	0.443786982249

MOTIF Pfenning_D2pos_Cpu_fold1_14.fwd
letter-probability matrix: alength= 4 w= 21 nsites= 131 E= 0
0.335877862595	0.145038167939	0.12213740458	0.396946564885
0.282442748092	0.175572519084	0.24427480916	0.297709923664
0.381679389313	0.152671755725	0.18320610687	0.282442748092
0.343511450382	0.12213740458	0.259541984733	0.274809160305
0.320610687023	0.145038167939	0.30534351145	0.229007633588
0.351145038168	0.190839694656	0.229007633588	0.229007633588
0.297709923664	0.221374045802	0.175572519084	0.30534351145
0.30534351145	0.114503816794	0.297709923664	0.282442748092
0.312977099237	0.274809160305	0.274809160305	0.137404580153
0.0	0.0	0.0	1.0
0.0	0.0	0.0229007633588	0.977099236641
0.984732824427	0.0	0.0152671755725	0.0
0.00763358778626	0.030534351145	0.0	0.961832061069
0.213740458015	0.0	0.786259541985	0.0
0.0229007633588	0.0687022900763	0.0	0.908396946565
0.984732824427	0.00763358778626	0.00763358778626	0.0
1.0	0.0	0.0	0.0
0.0687022900763	0.351145038168	0.24427480916	0.335877862595
0.343511450382	0.18320610687	0.167938931298	0.30534351145
0.274809160305	0.267175572519	0.152671755725	0.30534351145
0.259541984733	0.229007633588	0.229007633588	0.282442748092

MOTIF Pfenning_D2pos_Cpu_fold1_15.fwd
letter-probability matrix: alength= 4 w= 21 nsites= 100 E= 0
0.4	0.23	0.19	0.18
0.38	0.2	0.21	0.21
0.28	0.2	0.35	0.17
0.41	0.17	0.2	0.22
0.2	0.12	0.37	0.31
0.27	0.21	0.18	0.34
0.19	0.05	0.14	0.62
0.89	0.04	0.02	0.05
0.82	0.0	0.0	0.18
0.0	0.01	0.0	0.99
0.01	0.02	0.01	0.96
0.73	0.06	0.05	0.16
0.39	0.08	0.27	0.26
0.53	0.21	0.17	0.09
0.52	0.05	0.18	0.25
0.35	0.1	0.16	0.39
0.26	0.18	0.21	0.35
0.22	0.37	0.15	0.26
0.34	0.23	0.14	0.29
0.32	0.2	0.26	0.22
0.31	0.24	0.2	0.25

MOTIF Pfenning_D2pos_Cpu_fold1_16.fwd
letter-probability matrix: alength= 4 w= 21 nsites= 80 E= 0
0.2125	0.225	0.325	0.2375
0.2625	0.2875	0.2375	0.2125
0.3	0.2625	0.1875	0.25
0.2375	0.1375	0.3375	0.2875
0.3125	0.4	0.1625	0.125
0.2875	0.1	0.15	0.4625
0.1375	0.05	0.55	0.2625
0.1	0.7875	0.0625	0.05
0.5625	0.0125	0.0375	0.3875
0.0375	0.025	0.9125	0.025
0.075	0.725	0.1375	0.0625
0.4125	0.2125	0.0375	0.3375
0.2875	0.0125	0.3375	0.3625
0.0375	0.1625	0.7625	0.0375
0.0875	0.775	0.0875	0.05
0.4875	0.05	0.0125	0.45
0.075	0.2	0.575	0.15
0.2125	0.525	0.1	0.1625
0.3125	0.2625	0.1125	0.3125
0.125	0.1375	0.3	0.4375
0.1875	0.2125	0.3375	0.2625

MOTIF Pfenning_D2pos_Cpu_fold1_17.fwd
letter-probability matrix: alength= 4 w= 21 nsites= 71 E= 0
0.239436619718	0.239436619718	0.253521126761	0.267605633803
0.267605633803	0.295774647887	0.197183098592	0.239436619718
0.295774647887	0.225352112676	0.239436619718	0.239436619718
0.197183098592	0.577464788732	0.112676056338	0.112676056338
0.281690140845	0.197183098592	0.169014084507	0.352112676056
0.183098591549	0.169014084507	0.43661971831	0.211267605634
0.183098591549	0.676056338028	0.0985915492958	0.0422535211268
0.394366197183	0.0704225352113	0.0845070422535	0.450704225352
0.0140845070423	0.0281690140845	0.943661971831	0.0140845070423
0.0281690140845	0.957746478873	0.0	0.0140845070423
0.549295774648	0.0140845070423	0.056338028169	0.380281690141
0.0422535211268	0.0704225352113	0.760563380282	0.12676056338
0.197183098592	0.478873239437	0.197183098592	0.12676056338
0.183098591549	0.633802816901	0.0422535211268	0.140845070423
0.323943661972	0.0845070422535	0.0422535211268	0.549295774648
0.0	0.0281690140845	0.943661971831	0.0281690140845
0.0422535211268	0.901408450704	0.0422535211268	0.0140845070423
0.338028169014	0.183098591549	0.112676056338	0.366197183099
0.225352112676	0.211267605634	0.239436619718	0.323943661972
0.352112676056	0.140845070423	0.30985915493	0.197183098592
0.197183098592	0.267605633803	0.281690140845	0.253521126761

MOTIF Pfenning_D2pos_Cpu_fold1_18.fwd
letter-probability matrix: alength= 4 w= 21 nsites= 67 E= 0
0.328358208955	0.208955223881	0.238805970149	0.223880597015
0.298507462687	0.253731343284	0.298507462687	0.149253731343
0.313432835821	0.253731343284	0.179104477612	0.253731343284
0.268656716418	0.194029850746	0.194029850746	0.34328358209
0.253731343284	0.223880597015	0.194029850746	0.328358208955
0.268656716418	0.0597014925373	0.402985074627	0.268656716418
0.179104477612	0.597014925373	0.134328358209	0.089552238806
0.34328358209	0.238805970149	0.253731343284	0.164179104478
0.238805970149	0.253731343284	0.417910447761	0.089552238806
0.388059701493	0.149253731343	0.283582089552	0.179104477612
0.44776119403	0.119402985075	0.208955223881	0.223880597015
0.0149253731343	0.0746268656716	0.850746268657	0.0597014925373
0.0746268656716	0.910447761194	0.0149253731343	0.0
0.686567164179	0.0298507462687	0.044776119403	0.238805970149
0.044776119403	0.0	0.880597014925	0.0746268656716
0.313432835821	0.194029850746	0.298507462687	0.194029850746
0.149253731343	0.597014925373	0.238805970149	0.0149253731343
0.388059701493	0.044776119403	0.0746268656716	0.492537313433
0.0746268656716	0.134328358209	0.567164179104	0.223880597015
0.268656716418	0.388059701493	0.164179104478	0.179104477612
0.119402985075	0.238805970149	0.34328358209	0.298507462687

MOTIF Pfenning_D2pos_Cpu_fold1_19.fwd
letter-probability matrix: alength= 4 w= 21 nsites= 46 E= 0
0.326086956522	0.173913043478	0.260869565217	0.239130434783
0.195652173913	0.282608695652	0.260869565217	0.260869565217
0.195652173913	0.130434782609	0.369565217391	0.304347826087
0.130434782609	0.0434782608696	0.782608695652	0.0434782608696
0.0217391304348	0.0434782608696	0.0217391304348	0.913043478261
0.326086956522	0.217391304348	0.0	0.45652173913
0.391304347826	0.108695652174	0.130434782609	0.369565217391
0.0	0.978260869565	0.0	0.0217391304348
0.0	0.869565217391	0.0217391304348	0.108695652174
0.891304347826	0.0	0.0434782608696	0.0652173913043
0.0	0.0217391304348	0.0	0.978260869565
0.239130434783	0.0	0.760869565217	0.0
0.0869565217391	0.0	0.891304347826	0.0217391304348
0.173913043478	0.652173913043	0.0434782608696	0.130434782609
0.978260869565	0.0	0.0	0.0217391304348
0.978260869565	0.0	0.0217391304348	0.0
0.0	1.0	0.0	0.0
0.326086956522	0.391304347826	0.130434782609	0.152173913043
0.391304347826	0.130434782609	0.282608695652	0.195652173913
0.239130434783	0.173913043478	0.326086956522	0.260869565217
0.347826086957	0.173913043478	0.282608695652	0.195652173913

MOTIF Pfenning_D2pos_Cpu_fold1_20.fwd
letter-probability matrix: alength= 4 w= 21 nsites= 43 E= 0
0.302325581395	0.255813953488	0.162790697674	0.279069767442
0.348837209302	0.116279069767	0.232558139535	0.302325581395
0.325581395349	0.186046511628	0.302325581395	0.186046511628
0.093023255814	0.255813953488	0.186046511628	0.46511627907
0.186046511628	0.255813953488	0.325581395349	0.232558139535
0.488372093023	0.046511627907	0.186046511628	0.279069767442
0.325581395349	0.046511627907	0.46511627907	0.162790697674
0.581395348837	0.139534883721	0.162790697674	0.116279069767
0.674418604651	0.093023255814	0.093023255814	0.139534883721
0.116279069767	0.186046511628	0.093023255814	0.604651162791
0.0232558139535	0.139534883721	0.232558139535	0.604651162791
0.279069767442	0.279069767442	0.116279069767	0.325581395349
0.418604651163	0.0232558139535	0.0697674418605	0.488372093023
0.558139534884	0.0	0.0	0.441860465116
0.53488372093	0.046511627907	0.0	0.418604651163
0.162790697674	0.0	0.046511627907	0.790697674419
0.186046511628	0.116279069767	0.232558139535	0.46511627907
0.53488372093	0.093023255814	0.162790697674	0.209302325581
0.53488372093	0.209302325581	0.116279069767	0.139534883721
0.348837209302	0.279069767442	0.186046511628	0.186046511628
0.302325581395	0.232558139535	0.046511627907	0.418604651163

MOTIF Pfenning_D2pos_Cpu_fold1_21.fwd
letter-probability matrix: alength= 4 w= 21 nsites= 32 E= 0
0.1875	0.21875	0.25	0.34375
0.3125	0.21875	0.21875	0.25
0.25	0.25	0.21875	0.28125
0.1875	0.21875	0.375	0.21875
0.21875	0.28125	0.3125	0.1875
0.1875	0.21875	0.3125	0.28125
0.0	0.21875	0.28125	0.5
0.15625	0.34375	0.25	0.25
0.34375	0.21875	0.15625	0.28125
0.125	0.15625	0.625	0.09375
0.3125	0.28125	0.125	0.28125
0.15625	0.1875	0.5	0.15625
0.125	0.40625	0.28125	0.1875
0.125	0.65625	0.125	0.09375
0.375	0.0625	0.15625	0.40625
0.0	0.0625	0.9375	0.0
0.15625	0.5625	0.1875	0.09375
0.40625	0.15625	0.125	0.3125
0.28125	0.0625	0.5	0.15625
0.3125	0.1875	0.1875	0.3125
0.34375	0.3125	0.25	0.09375

MOTIF Pfenning_D2pos_Cpu_fold1_22.fwd
letter-probability matrix: alength= 4 w= 21 nsites= 31 E= 0
0.290322580645	0.290322580645	0.161290322581	0.258064516129
0.258064516129	0.161290322581	0.322580645161	0.258064516129
0.258064516129	0.387096774194	0.193548387097	0.161290322581
0.258064516129	0.0967741935484	0.354838709677	0.290322580645
0.193548387097	0.129032258065	0.41935483871	0.258064516129
0.0645161290323	0.0645161290323	0.0967741935484	0.774193548387
0.0645161290323	0.225806451613	0.0645161290323	0.645161290323
0.129032258065	0.290322580645	0.354838709677	0.225806451613
0.0322580645161	0.967741935484	0.0	0.0
0.258064516129	0.387096774194	0.0967741935484	0.258064516129
0.0645161290323	0.0	0.0	0.935483870968
0.645161290323	0.0	0.322580645161	0.0322580645161
0.0	0.0	1.0	0.0
0.0322580645161	0.935483870968	0.0	0.0322580645161
0.967741935484	0.0	0.0	0.0322580645161
0.903225806452	0.0322580645161	0.0322580645161	0.0322580645161
0.0322580645161	0.967741935484	0.0	0.0
0.258064516129	0.225806451613	0.161290322581	0.354838709677
0.354838709677	0.0967741935484	0.387096774194	0.161290322581
0.290322580645	0.225806451613	0.290322580645	0.193548387097
0.290322580645	0.193548387097	0.290322580645	0.225806451613

