MEME version 4

ALPHABET= ACGT

strands: + -

Background letter frequencies (from unknown source)
A 0.250 C 0.250 G 0.250 T 0.250

MOTIF Pfenning_D2pos_Nac_fold1_1.fwd
letter-probability matrix: alength= 4 w= 21 nsites= 1198 E= 0
0.280467445743	0.212020033389	0.209515859766	0.297996661102
0.283806343907	0.228714524207	0.202838063439	0.284641068447
0.319699499165	0.189482470785	0.206176961603	0.284641068447
0.230383973289	0.212020033389	0.251252086811	0.306343906511
0.265442404007	0.263772954925	0.238731218698	0.232053422371
0.362270450751	0.167779632721	0.182804674457	0.28714524207
0.321368948247	0.192821368948	0.260434056761	0.225375626043
0.308013355593	0.19449081803	0.151085141903	0.346410684474
0.260434056761	0.252921535893	0.263772954925	0.222871452421
0.0818030050083	0.0125208681135	0.0	0.905676126878
0.00584307178631	0.00333889816361	0.982470784641	0.00834724540902
0.761268781302	0.00751252086811	0.0208681135225	0.210350584307
0.00417362270451	0.99081803005	0.0025041736227	0.0025041736227
0.92570951586	0.0016694490818	0.0183639398998	0.0542570951586
0.130217028381	0.0500834724541	0.631886477462	0.187813021703
0.235392320534	0.262103505843	0.218697829716	0.283806343907
0.267111853088	0.192821368948	0.150250417362	0.389816360601
0.267111853088	0.190317195326	0.170283806344	0.372287145242
0.271285475793	0.227879799666	0.187813021703	0.313021702838
0.30550918197	0.19449081803	0.211185308848	0.288814691152
0.276293823038	0.191151919866	0.236227045075	0.29632721202

MOTIF Pfenning_D2pos_Nac_fold1_2.fwd
letter-probability matrix: alength= 4 w= 21 nsites= 1077 E= 0
0.262766945218	0.286908077994	0.170844939647	0.27948003714
0.229340761374	0.291550603528	0.207056638812	0.272051996286
0.285979572888	0.271123491179	0.172701949861	0.270194986072
0.217270194986	0.301764159703	0.175487465181	0.30547818013
0.2739090065	0.296193129062	0.128133704735	0.301764159703
0.19312906221	0.295264623955	0.210770659239	0.300835654596
0.208913649025	0.596100278552	0.0872794800371	0.107706592386
0.13556174559	0.714020427112	0.0157845868152	0.134633240483
0.363974001857	0.0259981429898	0.19034354689	0.419684308264
0.00278551532033	0.995357474466	0.0	0.00185701021356
0.00278551532033	0.988857938719	0.00185701021356	0.00649953574745
0.00464252553389	0.773444753946	0.000928505106778	0.220984215413
0.714948932219	0.218198700093	0.00464252553389	0.0622098421541
0.00371402042711	0.983286908078	0.00464252553389	0.008356545961
0.432683379759	0.116991643454	0.170844939647	0.27948003714
0.105849582173	0.567316620241	0.136490250696	0.19034354689
0.363974001857	0.284122562674	0.132776230269	0.2191272052
0.185701021356	0.359331476323	0.186629526462	0.268337975859
0.230269266481	0.252553389044	0.198700092851	0.318477251625
0.210770659239	0.324976787372	0.19312906221	0.271123491179
0.260909935005	0.300835654596	0.170844939647	0.267409470752

MOTIF Pfenning_D2pos_Nac_fold1_3.fwd
letter-probability matrix: alength= 4 w= 21 nsites= 597 E= 0
0.256281407035	0.231155778894	0.239530988275	0.273031825796
0.289782244556	0.212730318258	0.222780569514	0.274706867672
0.268006700168	0.264656616415	0.204355108878	0.262981574539
0.274706867672	0.206030150754	0.244556113903	0.274706867672
0.293132328308	0.201005025126	0.221105527638	0.284757118928
0.309882747069	0.256281407035	0.219430485762	0.214405360134
0.311557788945	0.159128978224	0.278056951424	0.251256281407
0.251256281407	0.211055276382	0.306532663317	0.231155778894
0.316582914573	0.170854271357	0.247906197655	0.264656616415
0.552763819095	0.165829145729	0.254606365159	0.0268006700168
0.0	0.00335008375209	0.00167504187605	0.994974874372
0.0	0.00670016750419	0.976549413735	0.0167504187605
0.993299832496	0.00670016750419	0.0	0.0
0.128978224456	0.638190954774	0.142378559464	0.0904522613065
0.00167504187605	0.0	0.00502512562814	0.993299832496
0.14405360134	0.842546063652	0.00502512562814	0.00837520938023
0.979899497487	0.0117252931323	0.00502512562814	0.00335008375209
0.130653266332	0.274706867672	0.329983249581	0.264656616415
0.298157453936	0.266331658291	0.159128978224	0.276381909548
0.252931323283	0.229480737018	0.261306532663	0.256281407035
0.278056951424	0.236180904523	0.209380234506	0.276381909548

MOTIF Pfenning_D2pos_Nac_fold1_4.fwd
letter-probability matrix: alength= 4 w= 21 nsites= 580 E= 0
0.25	0.275862068966	0.205172413793	0.268965517241
0.303448275862	0.248275862069	0.201724137931	0.246551724138
0.248275862069	0.231034482759	0.225862068966	0.294827586207
0.25	0.272413793103	0.2	0.277586206897
0.265517241379	0.293103448276	0.184482758621	0.256896551724
0.26724137931	0.153448275862	0.275862068966	0.303448275862
0.163793103448	0.536206896552	0.15	0.15
0.443103448276	0.0758620689655	0.0844827586207	0.396551724138
0.0327586206897	0.0206896551724	0.853448275862	0.0931034482759
0.0879310344828	0.851724137931	0.0051724137931	0.0551724137931
0.406896551724	0.0344827586207	0.0689655172414	0.489655172414
0.05	0.836206896552	0.0948275862069	0.0189655172414
0.491379310345	0.0224137931034	0.0189655172414	0.46724137931
0.0	0.0051724137931	0.994827586207	0.0
0.163793103448	0.608620689655	0.00344827586207	0.224137931034
0.35	0.0879310344828	0.212068965517	0.35
0.172413793103	0.424137931034	0.215517241379	0.187931034483
0.279310344828	0.203448275862	0.148275862069	0.368965517241
0.222413793103	0.215517241379	0.372413793103	0.189655172414
0.313793103448	0.227586206897	0.136206896552	0.322413793103
0.258620689655	0.191379310345	0.251724137931	0.298275862069

MOTIF Pfenning_D2pos_Nac_fold1_5.fwd
letter-probability matrix: alength= 4 w= 21 nsites= 451 E= 0
0.337028824834	0.190687361419	0.19512195122	0.277161862528
0.354767184035	0.172949002217	0.175166297118	0.29711751663
0.20177383592	0.184035476718	0.305986696231	0.308203991131
0.359201773836	0.219512195122	0.137472283814	0.283813747228
0.305986696231	0.150776053215	0.19955654102	0.343680709534
0.266075388027	0.177383592018	0.139689578714	0.416851441242
0.159645232816	0.09977827051	0.039911308204	0.70066518847
0.0310421286031	0.019955654102	0.0266075388027	0.922394678492
0.0554323725055	0.0221729490022	0.039911308204	0.882483370288
0.381374722838	0.130820399113	0.126385809313	0.361419068736
0.855875831486	0.0332594235033	0.0487804878049	0.0620842572062
0.971175166297	0.0177383592018	0.00886917960089	0.00221729490022
0.889135254989	0.0266075388027	0.0288248337029	0.0554323725055
0.39689578714	0.0487804878049	0.0953436807095	0.458980044346
0.0953436807095	0.110864745011	0.636363636364	0.157427937916
0.410199556541	0.345898004435	0.0709534368071	0.172949002217
0.39911308204	0.141906873614	0.257206208426	0.20177383592
0.39689578714	0.181818181818	0.155210643016	0.266075388027
0.328159645233	0.190687361419	0.19955654102	0.281596452328
0.261640798226	0.192904656319	0.175166297118	0.370288248337
0.270509977827	0.177383592018	0.239467849224	0.312638580931

MOTIF Pfenning_D2pos_Nac_fold1_6.fwd
letter-probability matrix: alength= 4 w= 21 nsites= 438 E= 0
0.310502283105	0.207762557078	0.205479452055	0.276255707763
0.27397260274	0.214611872146	0.191780821918	0.319634703196
0.312785388128	0.175799086758	0.203196347032	0.308219178082
0.301369863014	0.171232876712	0.308219178082	0.219178082192
0.367579908676	0.198630136986	0.248858447489	0.184931506849
0.267123287671	0.10502283105	0.187214611872	0.440639269406
0.125570776256	0.0981735159817	0.41095890411	0.365296803653
0.0821917808219	0.739726027397	0.027397260274	0.150684931507
0.0228310502283	0.0205479452055	0.013698630137	0.942922374429
0.958904109589	0.00228310502283	0.0114155251142	0.027397260274
0.237442922374	0.00456621004566	0.00913242009132	0.748858447489
0.0479452054795	0.00913242009132	0.00456621004566	0.938356164384
0.041095890411	0.0159817351598	0.0159817351598	0.926940639269
0.198630136986	0.100456621005	0.0228310502283	0.678082191781
0.214611872146	0.0639269406393	0.0730593607306	0.648401826484
0.748858447489	0.0296803652968	0.166666666667	0.0547945205479
0.214611872146	0.109589041096	0.527397260274	0.148401826484
0.381278538813	0.310502283105	0.12100456621	0.187214611872
0.321917808219	0.221461187215	0.125570776256	0.331050228311
0.221461187215	0.2100456621	0.212328767123	0.356164383562
0.255707762557	0.237442922374	0.173515981735	0.333333333333

MOTIF Pfenning_D2pos_Nac_fold1_7.fwd
letter-probability matrix: alength= 4 w= 21 nsites= 404 E= 0
0.212871287129	0.299504950495	0.235148514851	0.252475247525
0.232673267327	0.24504950495	0.264851485149	0.257425742574
0.180693069307	0.331683168317	0.30198019802	0.185643564356
0.240099009901	0.30198019802	0.212871287129	0.24504950495
0.252475247525	0.193069306931	0.368811881188	0.185643564356
0.185643564356	0.403465346535	0.225247524752	0.185643564356
0.237623762376	0.287128712871	0.299504950495	0.175742574257
0.247524752475	0.386138613861	0.205445544554	0.160891089109
0.185643564356	0.324257425743	0.351485148515	0.138613861386
0.178217821782	0.564356435644	0.143564356436	0.113861386139
0.15099009901	0.108910891089	0.64603960396	0.0940594059406
0.0371287128713	0.935643564356	0.0148514851485	0.0123762376238
0.0222772277228	0.0594059405941	0.834158415842	0.0841584158416
0.0470297029703	0.757425742574	0.131188118812	0.0643564356436
0.259900990099	0.101485148515	0.193069306931	0.445544554455
0.0321782178218	0.0866336633663	0.762376237624	0.118811881188
0.168316831683	0.618811881188	0.0841584158416	0.128712871287
0.20297029703	0.212871287129	0.282178217822	0.30198019802
0.200495049505	0.257425742574	0.284653465347	0.257425742574
0.183168316832	0.334158415842	0.259900990099	0.222772277228
0.220297029703	0.25	0.311881188119	0.217821782178

MOTIF Pfenning_D2pos_Nac_fold1_8.fwd
letter-probability matrix: alength= 4 w= 21 nsites= 298 E= 0
0.345637583893	0.127516778523	0.194630872483	0.332214765101
0.322147651007	0.248322147651	0.214765100671	0.214765100671
0.0671140939597	0.211409395973	0.255033557047	0.46644295302
0.41610738255	0.0838926174497	0.375838926174	0.124161073826
0.0637583892617	0.422818791946	0.362416107383	0.151006711409
0.0536912751678	0.318791946309	0.0201342281879	0.607382550336
0.0369127516779	0.010067114094	0.832214765101	0.120805369128
0.0872483221477	0.902684563758	0.00335570469799	0.00671140939597
0.00671140939597	0.986577181208	0.0	0.00671140939597
0.553691275168	0.429530201342	0.010067114094	0.00671140939597
0.00671140939597	0.442953020134	0.010067114094	0.540268456376
0.0	0.993288590604	0.00335570469799	0.00335570469799
0.0369127516779	0.0503355704698	0.0	0.912751677852
0.5	0.0503355704698	0.308724832215	0.140939597315
0.0201342281879	0.288590604027	0.657718120805	0.0335570469799
0.0738255033557	0.0369127516779	0.0134228187919	0.875838926174
0.00335570469799	0.0	0.993288590604	0.00335570469799
0.0469798657718	0.0234899328859	0.818791946309	0.110738255034
0.211409395973	0.412751677852	0.0704697986577	0.305369127517
0.231543624161	0.348993288591	0.167785234899	0.251677852349
0.41610738255	0.107382550336	0.291946308725	0.184563758389

MOTIF Pfenning_D2pos_Nac_fold1_9.fwd
letter-probability matrix: alength= 4 w= 21 nsites= 295 E= 0
0.240677966102	0.196610169492	0.274576271186	0.28813559322
0.237288135593	0.240677966102	0.220338983051	0.301694915254
0.271186440678	0.254237288136	0.193220338983	0.281355932203
0.284745762712	0.213559322034	0.213559322034	0.28813559322
0.2	0.294915254237	0.261016949153	0.24406779661
0.298305084746	0.233898305085	0.189830508475	0.277966101695
0.254237288136	0.220338983051	0.318644067797	0.206779661017
0.254237288136	0.345762711864	0.135593220339	0.264406779661
0.318644067797	0.284745762712	0.128813559322	0.267796610169
0.216949152542	0.138983050847	0.383050847458	0.261016949153
0.172881355932	0.593220338983	0.118644067797	0.115254237288
0.427118644068	0.0610169491525	0.064406779661	0.447457627119
0.0474576271186	0.0406779661017	0.84406779661	0.0677966101695
0.0338983050847	0.925423728814	0.0169491525424	0.0237288135593
0.362711864407	0.0542372881356	0.0203389830508	0.562711864407
0.0237288135593	0.0203389830508	0.901694915254	0.0542372881356
0.0745762711864	0.854237288136	0.0169491525424	0.0542372881356
0.24406779661	0.423728813559	0.0779661016949	0.254237288136
0.2	0.0949152542373	0.193220338983	0.51186440678
0.135593220339	0.223728813559	0.376271186441	0.264406779661
0.216949152542	0.298305084746	0.274576271186	0.210169491525

MOTIF Pfenning_D2pos_Nac_fold1_10.fwd
letter-probability matrix: alength= 4 w= 21 nsites= 291 E= 0
0.254295532646	0.237113402062	0.19587628866	0.312714776632
0.250859106529	0.281786941581	0.219931271478	0.247422680412
0.247422680412	0.144329896907	0.292096219931	0.316151202749
0.199312714777	0.408934707904	0.175257731959	0.216494845361
0.340206185567	0.147766323024	0.175257731959	0.33676975945
0.223367697595	0.292096219931	0.247422680412	0.237113402062
0.288659793814	0.171821305842	0.264604810997	0.274914089347
0.254295532646	0.446735395189	0.13058419244	0.168384879725
0.302405498282	0.0927835051546	0.278350515464	0.3264604811
0.0824742268041	0.756013745704	0.123711340206	0.0378006872852
0.498281786942	0.020618556701	0.0240549828179	0.45704467354
0.0	0.0	0.996563573883	0.00343642611684
0.0	1.0	0.0	0.0
0.329896907216	0.0549828178694	0.0309278350515	0.584192439863
0.0549828178694	0.615120274914	0.189003436426	0.14089347079
0.312714776632	0.14089347079	0.137457044674	0.408934707904
0.0962199312715	0.209621993127	0.443298969072	0.250859106529
0.274914089347	0.202749140893	0.147766323024	0.374570446735
0.243986254296	0.178694158076	0.302405498282	0.274914089347
0.243986254296	0.302405498282	0.216494845361	0.237113402062
0.274914089347	0.192439862543	0.178694158076	0.353951890034

MOTIF Pfenning_D2pos_Nac_fold1_11.fwd
letter-probability matrix: alength= 4 w= 21 nsites= 292 E= 0
0.304794520548	0.239726027397	0.198630136986	0.256849315068
0.291095890411	0.188356164384	0.171232876712	0.349315068493
0.239726027397	0.246575342466	0.236301369863	0.277397260274
0.315068493151	0.191780821918	0.25	0.243150684932
0.270547945205	0.345890410959	0.215753424658	0.167808219178
0.376712328767	0.102739726027	0.109589041096	0.41095890411
0.106164383562	0.0993150684932	0.695205479452	0.0993150684932
0.359589041096	0.332191780822	0.0890410958904	0.219178082192
0.462328767123	0.16095890411	0.178082191781	0.198630136986
0.0582191780822	0.0342465753425	0.11301369863	0.794520547945
0.917808219178	0.041095890411	0.00684931506849	0.0342465753425
0.986301369863	0.00342465753425	0.0	0.0102739726027
0.013698630137	0.0	0.0	0.986301369863
0.0239726027397	0.0171232876712	0.027397260274	0.931506849315
0.595890410959	0.157534246575	0.0650684931507	0.181506849315
0.308219178082	0.202054794521	0.171232876712	0.318493150685
0.311643835616	0.198630136986	0.270547945205	0.219178082192
0.352739726027	0.126712328767	0.181506849315	0.33904109589
0.27397260274	0.260273972603	0.164383561644	0.301369863014
0.301369863014	0.212328767123	0.198630136986	0.287671232877
0.246575342466	0.25	0.198630136986	0.304794520548

MOTIF Pfenning_D2pos_Nac_fold1_12.fwd
letter-probability matrix: alength= 4 w= 21 nsites= 275 E= 0
0.2	0.250909090909	0.283636363636	0.265454545455
0.232727272727	0.294545454545	0.229090909091	0.243636363636
0.232727272727	0.254545454545	0.214545454545	0.298181818182
0.236363636364	0.210909090909	0.210909090909	0.341818181818
0.250909090909	0.283636363636	0.236363636364	0.229090909091
0.258181818182	0.221818181818	0.305454545455	0.214545454545
0.221818181818	0.294545454545	0.218181818182	0.265454545455
0.312727272727	0.178181818182	0.225454545455	0.283636363636
0.12	0.112727272727	0.592727272727	0.174545454545
0.08	0.807272727273	0.0654545454545	0.0472727272727
0.367272727273	0.0290909090909	0.0254545454545	0.578181818182
0.0327272727273	0.0690909090909	0.858181818182	0.04
0.0763636363636	0.836363636364	0.0218181818182	0.0654545454545
0.167272727273	0.585454545455	0.0363636363636	0.210909090909
0.258181818182	0.0654545454545	0.0872727272727	0.589090909091
0.0254545454545	0.04	0.912727272727	0.0218181818182
0.0363636363636	0.898181818182	0.0290909090909	0.0363636363636
0.301818181818	0.0909090909091	0.152727272727	0.454545454545
0.152727272727	0.269090909091	0.290909090909	0.287272727273
0.232727272727	0.269090909091	0.229090909091	0.269090909091
0.210909090909	0.250909090909	0.272727272727	0.265454545455

MOTIF Pfenning_D2pos_Nac_fold1_13.fwd
letter-probability matrix: alength= 4 w= 21 nsites= 289 E= 0
0.318339100346	0.176470588235	0.190311418685	0.314878892734
0.363321799308	0.186851211073	0.193771626298	0.256055363322
0.356401384083	0.114186851211	0.221453287197	0.307958477509
0.39446366782	0.148788927336	0.22491349481	0.231833910035
0.446366782007	0.110726643599	0.22491349481	0.217993079585
0.453287197232	0.100346020761	0.231833910035	0.214532871972
0.43598615917	0.0795847750865	0.297577854671	0.186851211073
0.622837370242	0.0553633217993	0.186851211073	0.134948096886
0.643598615917	0.0449826989619	0.214532871972	0.0968858131488
0.83044982699	0.0449826989619	0.0865051903114	0.038062283737
0.975778546713	0.0	0.0103806228374	0.0138408304498
0.930795847751	0.00692041522491	0.038062283737	0.0242214532872
0.868512110727	0.0276816608997	0.038062283737	0.0657439446367
0.823529411765	0.0276816608997	0.0968858131488	0.0519031141869
0.910034602076	0.0103806228374	0.0449826989619	0.0346020761246
0.968858131488	0.00692041522491	0.0173010380623	0.00692041522491
0.813148788927	0.0207612456747	0.0692041522491	0.0968858131488
0.460207612457	0.0934256055363	0.0726643598616	0.373702422145
0.148788927336	0.173010380623	0.373702422145	0.304498269896
0.415224913495	0.352941176471	0.076124567474	0.155709342561
0.38062283737	0.145328719723	0.173010380623	0.301038062284

MOTIF Pfenning_D2pos_Nac_fold1_14.fwd
letter-probability matrix: alength= 4 w= 21 nsites= 251 E= 0
0.294820717131	0.235059760956	0.231075697211	0.239043824701
0.406374501992	0.159362549801	0.155378486056	0.278884462151
0.298804780876	0.219123505976	0.282868525896	0.199203187251
0.370517928287	0.223107569721	0.187250996016	0.219123505976
0.302788844622	0.227091633466	0.155378486056	0.314741035857
0.274900398406	0.139442231076	0.219123505976	0.366533864542
0.199203187251	0.290836653386	0.219123505976	0.290836653386
0.231075697211	0.0796812749004	0.139442231076	0.549800796813
0.764940239044	0.139442231076	0.0438247011952	0.0517928286853
0.94422310757	0.0	0.00398406374502	0.0517928286853
0.0597609561753	0.00398406374502	0.0	0.93625498008
0.0438247011952	0.00398406374502	0.103585657371	0.848605577689
0.649402390438	0.0756972111554	0.0199203187251	0.254980079681
0.0796812749004	0.0637450199203	0.725099601594	0.131474103586
0.147410358566	0.749003984064	0.0278884462151	0.0756972111554
0.470119521912	0.0318725099602	0.0876494023904	0.410358565737
0.0956175298805	0.362549800797	0.262948207171	0.278884462151
0.286852589641	0.239043824701	0.107569721116	0.366533864542
0.219123505976	0.215139442231	0.199203187251	0.366533864542
0.314741035857	0.243027888446	0.167330677291	0.274900398406
0.306772908367	0.223107569721	0.207171314741	0.262948207171

MOTIF Pfenning_D2pos_Nac_fold1_15.fwd
letter-probability matrix: alength= 4 w= 21 nsites= 148 E= 0
0.236486486486	0.148648648649	0.358108108108	0.256756756757
0.432432432432	0.101351351351	0.216216216216	0.25
0.439189189189	0.0945945945946	0.277027027027	0.189189189189
0.513513513514	0.114864864865	0.168918918919	0.202702702703
0.594594594595	0.108108108108	0.182432432432	0.114864864865
0.662162162162	0.0337837837838	0.168918918919	0.135135135135
0.709459459459	0.0135135135135	0.222972972973	0.0540540540541
0.932432432432	0.0	0.0337837837838	0.0337837837838
0.817567567568	0.0135135135135	0.108108108108	0.0608108108108
0.594594594595	0.135135135135	0.128378378378	0.141891891892
0.405405405405	0.121621621622	0.0945945945946	0.378378378378
0.0202702702703	0.0135135135135	0.918918918919	0.0472972972973
0.175675675676	0.72972972973	0.0202702702703	0.0743243243243
0.364864864865	0.189189189189	0.0878378378378	0.358108108108
0.108108108108	0.256756756757	0.0945945945946	0.540540540541
0.175675675676	0.175675675676	0.141891891892	0.506756756757
0.121621621622	0.22972972973	0.25	0.398648648649
0.189189189189	0.304054054054	0.141891891892	0.364864864865
0.310810810811	0.189189189189	0.141891891892	0.358108108108
0.310810810811	0.256756756757	0.209459459459	0.222972972973
0.344594594595	0.168918918919	0.168918918919	0.317567567568

MOTIF Pfenning_D2pos_Nac_fold1_16.fwd
letter-probability matrix: alength= 4 w= 21 nsites= 137 E= 0
0.226277372263	0.255474452555	0.299270072993	0.21897810219
0.182481751825	0.226277372263	0.335766423358	0.255474452555
0.248175182482	0.204379562044	0.240875912409	0.306569343066
0.262773722628	0.248175182482	0.204379562044	0.284671532847
0.189781021898	0.233576642336	0.284671532847	0.29197080292
0.131386861314	0.328467153285	0.211678832117	0.328467153285
0.175182481752	0.116788321168	0.284671532847	0.423357664234
0.00729927007299	0.00729927007299	0.985401459854	0.0
0.00729927007299	0.0	0.0	0.992700729927
0.021897810219	0.116788321168	0.0	0.861313868613
0.182481751825	0.036496350365	0.591240875912	0.189781021898
0.0	0.970802919708	0.0	0.029197080292
0.00729927007299	0.656934306569	0.0	0.335766423358
0.861313868613	0.0	0.029197080292	0.109489051095
0.167883211679	0.00729927007299	0.160583941606	0.664233576642
0.0656934306569	0.0	0.934306569343	0.0
0.0948905109489	0.0729927007299	0.795620437956	0.036496350365
0.408759124088	0.204379562044	0.116788321168	0.270072992701
0.591240875912	0.00729927007299	0.240875912409	0.160583941606
0.700729927007	0.197080291971	0.0802919708029	0.021897810219
0.109489051095	0.613138686131	0.0510948905109	0.226277372263

MOTIF Pfenning_D2pos_Nac_fold1_17.fwd
letter-probability matrix: alength= 4 w= 21 nsites= 121 E= 0
0.272727272727	0.190082644628	0.272727272727	0.264462809917
0.264462809917	0.190082644628	0.214876033058	0.330578512397
0.256198347107	0.214876033058	0.247933884298	0.280991735537
0.198347107438	0.206611570248	0.231404958678	0.363636363636
0.239669421488	0.355371900826	0.239669421488	0.165289256198
0.330578512397	0.223140495868	0.0743801652893	0.371900826446
0.239669421488	0.173553719008	0.479338842975	0.107438016529
0.314049586777	0.0	0.578512396694	0.107438016529
0.00826446280992	0.0	0.98347107438	0.00826446280992
0.96694214876	0.0165289256198	0.0	0.0165289256198
0.97520661157	0.0	0.0165289256198	0.00826446280992
0.0330578512397	0.917355371901	0.0	0.0495867768595
0.933884297521	0.00826446280992	0.0413223140496	0.0165289256198
0.289256198347	0.0909090909091	0.314049586777	0.305785123967
0.231404958678	0.107438016529	0.123966942149	0.537190082645
0.264462809917	0.272727272727	0.214876033058	0.247933884298
0.363636363636	0.206611570248	0.148760330579	0.280991735537
0.297520661157	0.223140495868	0.239669421488	0.239669421488
0.363636363636	0.206611570248	0.140495867769	0.289256198347
0.289256198347	0.206611570248	0.173553719008	0.330578512397
0.330578512397	0.214876033058	0.181818181818	0.272727272727

MOTIF Pfenning_D2pos_Nac_fold1_18.fwd
letter-probability matrix: alength= 4 w= 21 nsites= 95 E= 0
0.284210526316	0.294736842105	0.168421052632	0.252631578947
0.273684210526	0.178947368421	0.252631578947	0.294736842105
0.305263157895	0.273684210526	0.168421052632	0.252631578947
0.231578947368	0.242105263158	0.2	0.326315789474
0.189473684211	0.231578947368	0.347368421053	0.231578947368
0.221052631579	0.147368421053	0.273684210526	0.357894736842
0.178947368421	0.357894736842	0.368421052632	0.0947368421053
0.0	0.0210526315789	0.0	0.978947368421
0.0210526315789	0.0105263157895	0.0105263157895	0.957894736842
0.968421052632	0.0210526315789	0.0105263157895	0.0
0.0105263157895	0.305263157895	0.0421052631579	0.642105263158
0.431578947368	0.0	0.557894736842	0.0105263157895
0.0210526315789	0.0526315789474	0.0	0.926315789474
0.968421052632	0.0	0.0105263157895	0.0210526315789
1.0	0.0	0.0	0.0
0.115789473684	0.410526315789	0.273684210526	0.2
0.4	0.221052631579	0.168421052632	0.210526315789
0.4	0.221052631579	0.157894736842	0.221052631579
0.242105263158	0.231578947368	0.210526315789	0.315789473684
0.242105263158	0.263157894737	0.252631578947	0.242105263158
0.284210526316	0.221052631579	0.157894736842	0.336842105263

MOTIF Pfenning_D2pos_Nac_fold1_19.fwd
letter-probability matrix: alength= 4 w= 21 nsites= 86 E= 0
0.290697674419	0.232558139535	0.348837209302	0.127906976744
0.174418604651	0.453488372093	0.116279069767	0.255813953488
0.162790697674	0.197674418605	0.127906976744	0.511627906977
0.267441860465	0.267441860465	0.209302325581	0.255813953488
0.232558139535	0.337209302326	0.139534883721	0.290697674419
0.220930232558	0.093023255814	0.302325581395	0.383720930233
0.116279069767	0.744186046512	0.116279069767	0.0232558139535
0.639534883721	0.093023255814	0.0581395348837	0.209302325581
0.127906976744	0.453488372093	0.337209302326	0.0813953488372
0.279069767442	0.174418604651	0.0697674418605	0.476744186047
0.174418604651	0.325581395349	0.325581395349	0.174418604651
0.244186046512	0.197674418605	0.290697674419	0.267441860465
0.127906976744	0.581395348837	0.151162790698	0.139534883721
0.348837209302	0.174418604651	0.0581395348837	0.418604651163
0.139534883721	0.232558139535	0.418604651163	0.209302325581
0.139534883721	0.546511627907	0.0697674418605	0.244186046512
0.209302325581	0.151162790698	0.197674418605	0.441860465116
0.162790697674	0.511627906977	0.186046511628	0.139534883721
0.383720930233	0.151162790698	0.139534883721	0.325581395349
0.151162790698	0.232558139535	0.5	0.116279069767
0.313953488372	0.209302325581	0.127906976744	0.348837209302

MOTIF Pfenning_D2pos_Nac_fold1_20.fwd
letter-probability matrix: alength= 4 w= 21 nsites= 80 E= 0
0.3	0.175	0.225	0.3
0.325	0.1875	0.15	0.3375
0.15	0.2625	0.1875	0.4
0.2625	0.225	0.175	0.3375
0.3125	0.1375	0.15	0.4
0.2	0.2	0.1625	0.4375
0.25	0.125	0.3125	0.3125
0.3	0.2125	0.2375	0.25
0.3	0.1375	0.3875	0.175
0.4875	0.1875	0.1625	0.1625
0.45	0.0875	0.375	0.0875
0.3625	0.275	0.25	0.1125
0.45	0.1625	0.15	0.2375
0.3625	0.0625	0.3625	0.2125
0.6375	0.0375	0.25	0.075
0.775	0.0	0.2	0.025
0.8375	0.0625	0.05	0.05
0.95	0.025	0.0125	0.0125
0.775	0.0	0.1	0.125
0.3375	0.0375	0.25	0.375
0.2	0.075	0.35	0.375

MOTIF Pfenning_D2pos_Nac_fold1_21.fwd
letter-probability matrix: alength= 4 w= 21 nsites= 50 E= 0
0.22	0.28	0.28	0.22
0.24	0.42	0.16	0.18
0.22	0.32	0.02	0.44
0.26	0.2	0.32	0.22
0.34	0.34	0.1	0.22
0.26	0.14	0.34	0.26
0.12	0.74	0.04	0.1
0.56	0.12	0.06	0.26
0.2	0.26	0.4	0.14
0.1	0.58	0.14	0.18
0.18	0.52	0.02	0.28
0.22	0.0	0.48	0.3
0.04	0.66	0.2	0.1
0.48	0.04	0.1	0.38
0.02	0.04	0.78	0.16
0.24	0.56	0.08	0.12
0.22	0.14	0.18	0.46
0.16	0.3	0.34	0.2
0.24	0.22	0.2	0.34
0.14	0.12	0.4	0.34
0.36	0.28	0.16	0.2

MOTIF Pfenning_D2pos_Nac_fold1_22.fwd
letter-probability matrix: alength= 4 w= 21 nsites= 50 E= 0
0.12	0.44	0.18	0.26
0.4	0.16	0.2	0.24
0.08	0.22	0.54	0.16
0.26	0.4	0.12	0.22
0.48	0.12	0.14	0.26
0.2	0.16	0.26	0.38
0.34	0.24	0.24	0.18
0.32	0.22	0.16	0.3
0.3	0.14	0.36	0.2
0.26	0.3	0.22	0.22
0.2	0.26	0.28	0.26
0.18	0.5	0.16	0.16
0.26	0.24	0.22	0.28
0.22	0.26	0.2	0.32
0.22	0.2	0.26	0.32
0.22	0.26	0.26	0.26
0.38	0.2	0.22	0.2
0.36	0.12	0.34	0.18
0.32	0.24	0.28	0.16
0.28	0.26	0.26	0.2
0.36	0.22	0.2	0.22

MOTIF Pfenning_D2pos_Nac_fold1_23.fwd
letter-probability matrix: alength= 4 w= 21 nsites= 58 E= 0
0.48275862069	0.120689655172	0.172413793103	0.224137931034
0.258620689655	0.051724137931	0.551724137931	0.137931034483
0.327586206897	0.155172413793	0.379310344828	0.137931034483
0.724137931034	0.0689655172414	0.051724137931	0.155172413793
0.48275862069	0.0172413793103	0.413793103448	0.0862068965517
0.465517241379	0.172413793103	0.258620689655	0.103448275862
0.827586206897	0.0172413793103	0.155172413793	0.0
0.896551724138	0.0172413793103	0.0344827586207	0.051724137931
0.98275862069	0.0	0.0172413793103	0.0
0.879310344828	0.0	0.0689655172414	0.051724137931
0.224137931034	0.051724137931	0.155172413793	0.568965517241
0.051724137931	0.103448275862	0.672413793103	0.172413793103
0.724137931034	0.137931034483	0.0172413793103	0.120689655172
0.189655172414	0.103448275862	0.655172413793	0.051724137931
0.327586206897	0.344827586207	0.0344827586207	0.293103448276
0.224137931034	0.137931034483	0.137931034483	0.5
0.120689655172	0.137931034483	0.344827586207	0.396551724138
0.258620689655	0.206896551724	0.224137931034	0.310344827586
0.206896551724	0.258620689655	0.206896551724	0.327586206897
0.344827586207	0.206896551724	0.155172413793	0.293103448276
0.362068965517	0.155172413793	0.206896551724	0.275862068966

MOTIF Pfenning_D2pos_Nac_fold1_24.fwd
letter-probability matrix: alength= 4 w= 21 nsites= 36 E= 0
0.361111111111	0.0833333333333	0.305555555556	0.25
0.194444444444	0.416666666667	0.25	0.138888888889
0.277777777778	0.222222222222	0.138888888889	0.361111111111
0.25	0.194444444444	0.222222222222	0.333333333333
0.25	0.416666666667	0.25	0.0833333333333
0.166666666667	0.277777777778	0.194444444444	0.361111111111
0.0833333333333	0.611111111111	0.111111111111	0.194444444444
0.583333333333	0.166666666667	0.0555555555556	0.194444444444
0.166666666667	0.333333333333	0.416666666667	0.0833333333333
0.277777777778	0.0833333333333	0.333333333333	0.305555555556
0.0277777777778	0.75	0.166666666667	0.0555555555556
0.416666666667	0.0555555555556	0.0833333333333	0.444444444444
0.0277777777778	0.805555555556	0.111111111111	0.0555555555556
0.361111111111	0.0277777777778	0.0833333333333	0.527777777778
0.0	0.0277777777778	0.944444444444	0.0277777777778
0.305555555556	0.0277777777778	0.0	0.666666666667
0.194444444444	0.0277777777778	0.416666666667	0.361111111111
0.0555555555556	0.805555555556	0.0555555555556	0.0833333333333
0.277777777778	0.0555555555556	0.166666666667	0.5
0.0833333333333	0.111111111111	0.722222222222	0.0833333333333
0.444444444444	0.222222222222	0.111111111111	0.222222222222

