MEME version 4

ALPHABET= ACGT

strands: + -

Background letter frequencies (from unknown source)
A 0.250 C 0.250 G 0.250 T 0.250

MOTIF Pfenning_D2pos_Cpu_fold2_1.fwd
letter-probability matrix: alength= 4 w= 21 nsites= 1183 E= 0
0.275570583263	0.277261200338	0.208791208791	0.238377007608
0.280642434489	0.253592561285	0.192730346577	0.27303465765
0.25190194421	0.272189349112	0.172442941674	0.303465765004
0.263736263736	0.208791208791	0.223161453931	0.304311073542
0.245984784446	0.389687235841	0.12764158918	0.236686390533
0.284868977177	0.131022823331	0.256128486898	0.327979712595
0.140321217244	0.56043956044	0.138630600169	0.160608622147
0.29416737109	0.131868131868	0.163989856298	0.409974640744
0.0870667793745	0.695688926458	0.125950972105	0.0912933220626
0.425190194421	0.0211327134404	0.0532544378698	0.500422654269
0.00591715976331	0.00422654268808	0.966187658495	0.0236686390533
0.110735418428	0.743871513102	0.00676246830093	0.138630600169
0.354184277261	0.0448013524937	0.138630600169	0.462383770076
0.0710059171598	0.723584108199	0.120879120879	0.0845308537616
0.424344885883	0.0845308537616	0.0710059171598	0.420118343195
0.0777683854607	0.10650887574	0.671174978867	0.144547759932
0.238377007608	0.42180896027	0.104818258664	0.234995773457
0.306846999155	0.189349112426	0.157227387997	0.346576500423
0.195266272189	0.261200338123	0.249366018597	0.29416737109
0.240067624683	0.262045646661	0.178360101437	0.319526627219
0.257819103973	0.229078613694	0.234995773457	0.278106508876

MOTIF Pfenning_D2pos_Cpu_fold2_2.fwd
letter-probability matrix: alength= 4 w= 21 nsites= 1133 E= 0
0.317740511915	0.21094439541	0.189761694616	0.281553398058
0.280670785525	0.244483671668	0.180935569285	0.293909973522
0.326566637246	0.182700794351	0.207413945278	0.283318623124
0.270079435128	0.204766107679	0.252427184466	0.272727272727
0.440423654016	0.177405119153	0.144748455428	0.237422771403
0.279788172992	0.154457193292	0.278022947926	0.28773168579
0.237422771403	0.43865842895	0.159752868491	0.164165931156
0.105913503972	0.0317740511915	0.00617828773169	0.856134157105
0.00529567519859	0.0114739629303	0.980582524272	0.00264783759929
0.459841129744	0.0185348631951	0.0238305383936	0.497793468667
0.00353045013239	0.992939099735	0.0017652250662	0.0017652250662
0.939982347749	0.0017652250662	0.00617828773169	0.0520741394528
0.206531332745	0.112974404237	0.445719329214	0.234774933804
0.181818181818	0.156222418358	0.303618711386	0.358340688438
0.172109443954	0.366284201236	0.142100617829	0.319505736981
0.363636363636	0.114739629303	0.127978817299	0.393645189762
0.264783759929	0.182700794351	0.28773168579	0.264783759929
0.353927625772	0.198587819947	0.203000882613	0.244483671668
0.26213592233	0.217122683142	0.210061782877	0.31067961165
0.274492497793	0.169461606355	0.240070609003	0.315975286849
0.280670785525	0.240070609003	0.218887908208	0.260370697264

MOTIF Pfenning_D2pos_Cpu_fold2_3.fwd
letter-probability matrix: alength= 4 w= 21 nsites= 1129 E= 0
0.255093002657	0.271036315323	0.176262178919	0.2976085031
0.265721877768	0.25597874225	0.198405668733	0.279893711249
0.300265721878	0.244464127547	0.203720106289	0.251550044287
0.232949512843	0.274579273694	0.192205491585	0.300265721878
0.282550930027	0.247121346324	0.136403897254	0.333923826395
0.199291408326	0.280779450841	0.203720106289	0.316209034544
0.230292294066	0.565987599646	0.0921169176262	0.111603188663
0.14526129318	0.7023914969	0.0212577502214	0.131089459699
0.351638618246	0.030115146147	0.197519929141	0.420726306466
0.00088573959256	0.994685562445	0.00265721877768	0.00177147918512
0.0203720106289	0.96191319752	0.0088573959256	0.0088573959256
0.0044286979628	0.70947741364	0.0088573959256	0.277236492471
0.754650132861	0.176262178919	0.0292294065545	0.0398582816652
0.00177147918512	0.981399468556	0.00177147918512	0.0150575730735
0.455270150576	0.0717449069973	0.22143489814	0.251550044287
0.0894596988485	0.531443755536	0.170947741364	0.208148804252
0.364038972542	0.226749335695	0.139946855624	0.269264836138
0.178919397697	0.334809565988	0.200177147919	0.286093888397
0.25597874225	0.286979627989	0.147032772365	0.310008857396
0.195748449956	0.310008857396	0.18334809566	0.310894596988
0.237378210806	0.278122232064	0.168290522586	0.316209034544

MOTIF Pfenning_D2pos_Cpu_fold2_4.fwd
letter-probability matrix: alength= 4 w= 21 nsites= 495 E= 0
0.29898989899	0.216161616162	0.246464646465	0.238383838384
0.311111111111	0.228282828283	0.193939393939	0.266666666667
0.286868686869	0.20404040404	0.248484848485	0.260606060606
0.286868686869	0.220202020202	0.250505050505	0.242424242424
0.319191919192	0.238383838384	0.187878787879	0.254545454545
0.252525252525	0.145454545455	0.311111111111	0.290909090909
0.444444444444	0.240404040404	0.258585858586	0.0565656565657
0.0181818181818	0.020202020202	0.0020202020202	0.959595959596
0.0040404040404	0.0040404040404	0.981818181818	0.010101010101
0.981818181818	0.0121212121212	0.0040404040404	0.0020202020202
0.139393939394	0.761616161616	0.0121212121212	0.0868686868687
0.00606060606061	0.0020202020202	0.0020202020202	0.989898989899
0.111111111111	0.860606060606	0.0222222222222	0.00606060606061
0.957575757576	0.0121212121212	0.010101010101	0.020202020202
0.0767676767677	0.258585858586	0.290909090909	0.373737373737
0.282828282828	0.238383838384	0.179797979798	0.29898989899
0.234343434343	0.29898989899	0.236363636364	0.230303030303
0.307070707071	0.232323232323	0.189898989899	0.270707070707
0.258585858586	0.20404040404	0.226262626263	0.311111111111
0.270707070707	0.185858585859	0.19797979798	0.345454545455
0.250505050505	0.230303030303	0.208080808081	0.311111111111

MOTIF Pfenning_D2pos_Cpu_fold2_5.fwd
letter-probability matrix: alength= 4 w= 21 nsites= 492 E= 0
0.310975609756	0.184959349593	0.193089430894	0.310975609756
0.258130081301	0.213414634146	0.239837398374	0.288617886179
0.310975609756	0.19512195122	0.201219512195	0.292682926829
0.315040650407	0.178861788618	0.229674796748	0.276422764228
0.317073170732	0.126016260163	0.213414634146	0.343495934959
0.193089430894	0.126016260163	0.329268292683	0.35162601626
0.174796747967	0.522357723577	0.0934959349593	0.209349593496
0.020325203252	0.215447154472	0.0386178861789	0.725609756098
0.711382113821	0.0467479674797	0.0365853658537	0.205284552846
0.680894308943	0.00813008130081	0.0894308943089	0.221544715447
0.878048780488	0.00609756097561	0.0528455284553	0.0630081300813
0.914634146341	0.0020325203252	0.00406504065041	0.0792682926829
0.762195121951	0.0020325203252	0.00609756097561	0.229674796748
0.0223577235772	0.0020325203252	0.0	0.975609756098
0.936991869919	0.00406504065041	0.0345528455285	0.0243902439024
0.109756097561	0.0670731707317	0.752032520325	0.0711382113821
0.390243902439	0.378048780488	0.0914634146341	0.140243902439
0.363821138211	0.262195121951	0.0975609756098	0.276422764228
0.258130081301	0.237804878049	0.172764227642	0.331300813008
0.252032520325	0.264227642276	0.221544715447	0.262195121951
0.278455284553	0.217479674797	0.186991869919	0.317073170732

MOTIF Pfenning_D2pos_Cpu_fold2_6.fwd
letter-probability matrix: alength= 4 w= 21 nsites= 434 E= 0
0.225806451613	0.264976958525	0.205069124424	0.304147465438
0.221198156682	0.281105990783	0.214285714286	0.283410138249
0.255760368664	0.276497695853	0.207373271889	0.260368663594
0.200460829493	0.269585253456	0.209677419355	0.320276497696
0.239631336406	0.301843317972	0.168202764977	0.290322580645
0.301843317972	0.198156682028	0.175115207373	0.324884792627
0.179723502304	0.3133640553	0.311059907834	0.195852534562
0.228110599078	0.292626728111	0.253456221198	0.225806451613
0.329493087558	0.31797235023	0.172811059908	0.179723502304
0.354838709677	0.0437788018433	0.230414746544	0.370967741935
0.036866359447	0.0552995391705	0.864055299539	0.0437788018433
0.0345622119816	0.923963133641	0.0230414746544	0.0184331797235
0.384792626728	0.0184331797235	0.0161290322581	0.58064516129
0.0115207373272	0.00230414746544	0.956221198157	0.0299539170507
0.0299539170507	0.942396313364	0.00921658986175	0.0184331797235
0.428571428571	0.0967741935484	0.0207373271889	0.453917050691
0.122119815668	0.0806451612903	0.599078341014	0.198156682028
0.198156682028	0.417050691244	0.172811059908	0.21198156682
0.255760368664	0.209677419355	0.112903225806	0.421658986175
0.235023041475	0.140552995392	0.384792626728	0.239631336406
0.255760368664	0.281105990783	0.188940092166	0.274193548387

MOTIF Pfenning_D2pos_Cpu_fold2_7.fwd
letter-probability matrix: alength= 4 w= 21 nsites= 433 E= 0
0.198614318707	0.302540415704	0.254041570439	0.24480369515
0.217090069284	0.286374133949	0.247113163972	0.249422632794
0.260969976905	0.307159353349	0.226327944573	0.205542725173
0.251732101617	0.304849884527	0.214780600462	0.228637413395
0.19168591224	0.263279445727	0.254041570439	0.290993071594
0.184757505774	0.300230946882	0.290993071594	0.224018475751
0.189376443418	0.413394919169	0.170900692841	0.226327944573
0.272517321016	0.242494226328	0.290993071594	0.193995381062
0.133949191686	0.247113163972	0.411085450346	0.207852193995
0.0646651270208	0.764434180139	0.133949191686	0.0369515011547
0.311778290993	0.281755196305	0.094688221709	0.311778290993
0.080831408776	0.196304849885	0.625866050808	0.0969976905312
0.013856812933	0.963048498845	0.00230946882217	0.0207852193995
0.0161662817552	0.0115473441109	0.930715935335	0.0415704387991
0.066974595843	0.759815242494	0.0831408775982	0.0900692840647
0.263279445727	0.168591224018	0.214780600462	0.353348729792
0.094688221709	0.31870669746	0.357967667436	0.228637413395
0.254041570439	0.304849884527	0.120092378753	0.321016166282
0.205542725173	0.24480369515	0.316397228637	0.233256351039
0.205542725173	0.381062355658	0.205542725173	0.207852193995
0.258660508083	0.267898383372	0.207852193995	0.26558891455

MOTIF Pfenning_D2pos_Cpu_fold2_8.fwd
letter-probability matrix: alength= 4 w= 21 nsites= 316 E= 0
0.29746835443	0.193037974684	0.155063291139	0.354430379747
0.231012658228	0.183544303797	0.284810126582	0.300632911392
0.411392405063	0.136075949367	0.139240506329	0.313291139241
0.246835443038	0.161392405063	0.275316455696	0.316455696203
0.275316455696	0.151898734177	0.120253164557	0.45253164557
0.23417721519	0.110759493671	0.107594936709	0.54746835443
0.21835443038	0.117088607595	0.0917721518987	0.572784810127
0.142405063291	0.0379746835443	0.0411392405063	0.778481012658
0.0569620253165	0.0189873417722	0.0221518987342	0.901898734177
0.0664556962025	0.0158227848101	0.0537974683544	0.863924050633
0.0506329113924	0.0189873417722	0.0189873417722	0.911392405063
0.0949367088608	0.0158227848101	0.00632911392405	0.882911392405
0.104430379747	0.0411392405063	0.00949367088608	0.844936708861
0.215189873418	0.164556962025	0.0379746835443	0.582278481013
0.186708860759	0.246835443038	0.0569620253165	0.509493670886
0.316455696203	0.291139240506	0.0664556962025	0.325949367089
0.335443037975	0.28164556962	0.0822784810127	0.300632911392
0.243670886076	0.215189873418	0.167721518987	0.373417721519
0.221518987342	0.427215189873	0.110759493671	0.240506329114
0.306962025316	0.189873417722	0.142405063291	0.360759493671
0.284810126582	0.158227848101	0.303797468354	0.253164556962

MOTIF Pfenning_D2pos_Cpu_fold2_9.fwd
letter-probability matrix: alength= 4 w= 21 nsites= 273 E= 0
0.304029304029	0.197802197802	0.139194139194	0.358974358974
0.362637362637	0.307692307692	0.135531135531	0.194139194139
0.0659340659341	0.201465201465	0.263736263736	0.468864468864
0.373626373626	0.0769230769231	0.373626373626	0.175824175824
0.102564102564	0.413919413919	0.399267399267	0.0842490842491
0.025641025641	0.351648351648	0.018315018315	0.604395604396
0.0769230769231	0.0	0.85347985348	0.0695970695971
0.0512820512821	0.937728937729	0.00732600732601	0.003663003663
0.00732600732601	0.974358974359	0.0	0.018315018315
0.461538461538	0.509157509158	0.00732600732601	0.021978021978
0.00732600732601	0.509157509158	0.0	0.483516483516
0.0	1.0	0.0	0.0
0.032967032967	0.029304029304	0.014652014652	0.923076923077
0.457875457875	0.047619047619	0.336996336996	0.157509157509
0.010989010989	0.304029304029	0.673992673993	0.010989010989
0.0732600732601	0.0769230769231	0.014652014652	0.835164835165
0.003663003663	0.003663003663	0.989010989011	0.003663003663
0.0879120879121	0.0549450549451	0.728937728938	0.128205128205
0.212454212454	0.344322344322	0.0842490842491	0.358974358974
0.289377289377	0.384615384615	0.124542124542	0.201465201465
0.410256410256	0.120879120879	0.289377289377	0.179487179487

MOTIF Pfenning_D2pos_Cpu_fold2_10.fwd
letter-probability matrix: alength= 4 w= 21 nsites= 250 E= 0
0.292	0.212	0.284	0.212
0.288	0.14	0.416	0.156
0.228	0.22	0.364	0.188
0.26	0.144	0.464	0.132
0.236	0.276	0.38	0.108
0.368	0.092	0.364	0.176
0.196	0.084	0.664	0.056
0.516	0.052	0.324	0.108
0.036	0.024	0.932	0.008
0.14	0.036	0.78	0.044
0.656	0.028	0.256	0.06
0.072	0.0	0.912	0.016
0.032	0.04	0.916	0.012
0.496	0.204	0.136	0.164
0.2	0.004	0.7	0.096
0.1	0.124	0.624	0.152
0.248	0.184	0.348	0.22
0.276	0.08	0.364	0.28
0.248	0.128	0.424	0.2
0.256	0.192	0.308	0.244
0.264	0.188	0.312	0.236

MOTIF Pfenning_D2pos_Cpu_fold2_11.fwd
letter-probability matrix: alength= 4 w= 21 nsites= 164 E= 0
0.231707317073	0.30487804878	0.182926829268	0.280487804878
0.262195121951	0.170731707317	0.19512195122	0.371951219512
0.298780487805	0.213414634146	0.237804878049	0.25
0.286585365854	0.182926829268	0.292682926829	0.237804878049
0.274390243902	0.274390243902	0.207317073171	0.243902439024
0.280487804878	0.164634146341	0.189024390244	0.365853658537
0.323170731707	0.298780487805	0.201219512195	0.176829268293
0.19512195122	0.0243902439024	0.0853658536585	0.69512195122
0.0121951219512	0.00609756097561	0.975609756098	0.00609756097561
0.939024390244	0.0548780487805	0.0	0.00609756097561
0.84756097561	0.030487804878	0.0182926829268	0.103658536585
0.00609756097561	0.0182926829268	0.030487804878	0.94512195122
0.713414634146	0.030487804878	0.0609756097561	0.19512195122
0.780487804878	0.0548780487805	0.0548780487805	0.109756097561
0.219512195122	0.0609756097561	0.0853658536585	0.634146341463
0.207317073171	0.146341463415	0.0975609756098	0.548780487805
0.280487804878	0.298780487805	0.0914634146341	0.329268292683
0.414634146341	0.164634146341	0.128048780488	0.292682926829
0.390243902439	0.189024390244	0.213414634146	0.207317073171
0.274390243902	0.19512195122	0.219512195122	0.310975609756
0.25	0.213414634146	0.219512195122	0.317073170732

MOTIF Pfenning_D2pos_Cpu_fold2_12.fwd
letter-probability matrix: alength= 4 w= 21 nsites= 137 E= 0
0.277372262774	0.240875912409	0.14598540146	0.335766423358
0.277372262774	0.262773722628	0.197080291971	0.262773722628
0.321167883212	0.182481751825	0.197080291971	0.299270072993
0.284671532847	0.226277372263	0.14598540146	0.343065693431
0.299270072993	0.14598540146	0.211678832117	0.343065693431
0.262773722628	0.182481751825	0.21897810219	0.335766423358
0.29197080292	0.262773722628	0.189781021898	0.255474452555
0.328467153285	0.14598540146	0.14598540146	0.379562043796
0.277372262774	0.248175182482	0.175182481752	0.299270072993
0.401459854015	0.167883211679	0.043795620438	0.386861313869
0.277372262774	0.14598540146	0.248175182482	0.328467153285
0.270072992701	0.124087591241	0.14598540146	0.459854014599
0.167883211679	0.277372262774	0.160583941606	0.394160583942
0.656934306569	0.0510948905109	0.0802919708029	0.211678832117
0.299270072993	0.255474452555	0.21897810219	0.226277372263
0.240875912409	0.160583941606	0.116788321168	0.481751824818
0.328467153285	0.167883211679	0.131386861314	0.372262773723
0.335766423358	0.124087591241	0.102189781022	0.43795620438
0.270072992701	0.182481751825	0.0729927007299	0.474452554745
0.270072992701	0.0802919708029	0.0656934306569	0.583941605839
0.131386861314	0.043795620438	0.043795620438	0.78102189781

MOTIF Pfenning_D2pos_Cpu_fold2_13.fwd
letter-probability matrix: alength= 4 w= 21 nsites= 113 E= 0
0.247787610619	0.238938053097	0.230088495575	0.283185840708
0.283185840708	0.176991150442	0.247787610619	0.29203539823
0.309734513274	0.12389380531	0.194690265487	0.371681415929
0.327433628319	0.212389380531	0.212389380531	0.247787610619
0.353982300885	0.230088495575	0.159292035398	0.256637168142
0.362831858407	0.221238938053	0.159292035398	0.256637168142
0.283185840708	0.221238938053	0.230088495575	0.265486725664
0.380530973451	0.203539823009	0.176991150442	0.238938053097
0.283185840708	0.274336283186	0.185840707965	0.256637168142
0.362831858407	0.159292035398	0.176991150442	0.300884955752
0.247787610619	0.141592920354	0.256637168142	0.353982300885
0.318584070796	0.194690265487	0.212389380531	0.274336283186
0.336283185841	0.247787610619	0.115044247788	0.300884955752
0.230088495575	0.16814159292	0.212389380531	0.389380530973
0.327433628319	0.115044247788	0.230088495575	0.327433628319
0.265486725664	0.256637168142	0.247787610619	0.230088495575
0.58407079646	0.115044247788	0.0796460176991	0.221238938053
0.398230088496	0.0884955752212	0.230088495575	0.283185840708
0.176991150442	0.115044247788	0.106194690265	0.601769911504
0.150442477876	0.12389380531	0.230088495575	0.495575221239
0.318584070796	0.300884955752	0.0884955752212	0.29203539823

MOTIF Pfenning_D2pos_Cpu_fold2_14.fwd
letter-probability matrix: alength= 4 w= 21 nsites= 101 E= 0
0.336633663366	0.108910891089	0.257425742574	0.29702970297
0.257425742574	0.227722772277	0.247524752475	0.267326732673
0.188118811881	0.207920792079	0.217821782178	0.386138613861
0.386138613861	0.207920792079	0.19801980198	0.207920792079
0.425742574257	0.128712871287	0.188118811881	0.257425742574
0.29702970297	0.19801980198	0.306930693069	0.19801980198
0.277227722772	0.227722772277	0.227722772277	0.267326732673
0.356435643564	0.138613861386	0.346534653465	0.158415841584
0.0	0.0	0.0	1.0
0.00990099009901	0.00990099009901	0.019801980198	0.960396039604
1.0	0.0	0.0	0.0
0.0	0.0693069306931	0.029702970297	0.90099009901
0.19801980198	0.0	0.80198019802	0.0
0.0	0.0990099009901	0.0	0.90099009901
0.980198019802	0.00990099009901	0.0	0.00990099009901
0.980198019802	0.0	0.019801980198	0.0
0.108910891089	0.29702970297	0.237623762376	0.356435643564
0.326732673267	0.178217821782	0.158415841584	0.336633663366
0.29702970297	0.158415841584	0.277227722772	0.267326732673
0.257425742574	0.19801980198	0.247524752475	0.29702970297
0.188118811881	0.267326732673	0.237623762376	0.306930693069

MOTIF Pfenning_D2pos_Cpu_fold2_15.fwd
letter-probability matrix: alength= 4 w= 21 nsites= 85 E= 0
0.329411764706	0.188235294118	0.141176470588	0.341176470588
0.294117647059	0.164705882353	0.2	0.341176470588
0.305882352941	0.270588235294	0.211764705882	0.211764705882
0.305882352941	0.117647058824	0.294117647059	0.282352941176
0.317647058824	0.258823529412	0.152941176471	0.270588235294
0.341176470588	0.0941176470588	0.258823529412	0.305882352941
0.188235294118	0.0235294117647	0.647058823529	0.141176470588
0.270588235294	0.388235294118	0.105882352941	0.235294117647
0.6	0.105882352941	0.0823529411765	0.211764705882
0.0941176470588	0.0117647058824	0.0588235294118	0.835294117647
0.964705882353	0.0235294117647	0.0	0.0117647058824
0.976470588235	0.0	0.0	0.0235294117647
0.0235294117647	0.0	0.0	0.976470588235
0.0117647058824	0.0235294117647	0.0117647058824	0.952941176471
0.576470588235	0.2	0.0235294117647	0.2
0.258823529412	0.188235294118	0.294117647059	0.258823529412
0.423529411765	0.164705882353	0.176470588235	0.235294117647
0.364705882353	0.105882352941	0.141176470588	0.388235294118
0.305882352941	0.235294117647	0.176470588235	0.282352941176
0.247058823529	0.176470588235	0.211764705882	0.364705882353
0.247058823529	0.282352941176	0.164705882353	0.305882352941

MOTIF Pfenning_D2pos_Cpu_fold2_16.fwd
letter-probability matrix: alength= 4 w= 21 nsites= 64 E= 0
0.25	0.203125	0.28125	0.265625
0.21875	0.171875	0.3125	0.296875
0.203125	0.203125	0.234375	0.359375
0.09375	0.34375	0.25	0.3125
0.09375	0.34375	0.265625	0.296875
0.125	0.125	0.375	0.375
0.0	0.0	1.0	0.0
0.0	0.015625	0.0	0.984375
0.015625	0.046875	0.0	0.9375
0.21875	0.0625	0.453125	0.265625
0.0	0.9375	0.0	0.0625
0.0	0.796875	0.0	0.203125
0.984375	0.0	0.0	0.015625
0.03125	0.0	0.0625	0.90625
0.046875	0.0	0.953125	0.0
0.015625	0.0	0.96875	0.015625
0.359375	0.21875	0.109375	0.3125
0.515625	0.0	0.375	0.109375
0.796875	0.078125	0.078125	0.046875
0.0	0.71875	0.046875	0.234375
0.25	0.28125	0.1875	0.28125

MOTIF Pfenning_D2pos_Cpu_fold2_17.fwd
letter-probability matrix: alength= 4 w= 21 nsites= 60 E= 0
0.4	0.133333333333	0.233333333333	0.233333333333
0.233333333333	0.233333333333	0.25	0.283333333333
0.35	0.15	0.183333333333	0.316666666667
0.416666666667	0.233333333333	0.2	0.15
0.316666666667	0.233333333333	0.15	0.3
0.316666666667	0.166666666667	0.266666666667	0.25
0.35	0.216666666667	0.166666666667	0.266666666667
0.316666666667	0.216666666667	0.266666666667	0.2
0.316666666667	0.366666666667	0.1	0.216666666667
0.366666666667	0.166666666667	0.266666666667	0.2
0.35	0.116666666667	0.2	0.333333333333
0.15	0.433333333333	0.15	0.266666666667
0.266666666667	0.15	0.4	0.183333333333
0.133333333333	0.333333333333	0.366666666667	0.166666666667
0.7	0.0833333333333	0.0833333333333	0.133333333333
0.233333333333	0.15	0.35	0.266666666667
0.316666666667	0.166666666667	0.133333333333	0.383333333333
0.116666666667	0.45	0.166666666667	0.266666666667
0.333333333333	0.216666666667	0.1	0.35
0.3	0.2	0.166666666667	0.333333333333
0.3	0.15	0.0666666666667	0.483333333333

MOTIF Pfenning_D2pos_Cpu_fold2_18.fwd
letter-probability matrix: alength= 4 w= 21 nsites= 49 E= 0
0.551020408163	0.163265306122	0.204081632653	0.0816326530612
0.326530612245	0.204081632653	0.142857142857	0.326530612245
0.265306122449	0.0816326530612	0.224489795918	0.428571428571
0.244897959184	0.224489795918	0.142857142857	0.387755102041
0.34693877551	0.122448979592	0.183673469388	0.34693877551
0.510204081633	0.142857142857	0.102040816327	0.244897959184
0.65306122449	0.0408163265306	0.0816326530612	0.224489795918
0.122448979592	0.0408163265306	0.0408163265306	0.795918367347
0.0612244897959	0.0204081632653	0.0	0.918367346939
0.0	0.0	0.0	1.0
0.183673469388	0.0816326530612	0.0816326530612	0.65306122449
0.612244897959	0.183673469388	0.0408163265306	0.163265306122
0.612244897959	0.0816326530612	0.0204081632653	0.285714285714
0.469387755102	0.163265306122	0.0612244897959	0.30612244898
0.367346938776	0.163265306122	0.183673469388	0.285714285714
0.204081632653	0.224489795918	0.265306122449	0.30612244898
0.244897959184	0.510204081633	0.0816326530612	0.163265306122
0.428571428571	0.0816326530612	0.122448979592	0.367346938776
0.163265306122	0.163265306122	0.448979591837	0.224489795918
0.30612244898	0.244897959184	0.224489795918	0.224489795918
0.387755102041	0.204081632653	0.244897959184	0.163265306122

MOTIF Pfenning_D2pos_Cpu_fold2_19.fwd
letter-probability matrix: alength= 4 w= 21 nsites= 63 E= 0
0.269841269841	0.15873015873	0.253968253968	0.31746031746
0.380952380952	0.126984126984	0.15873015873	0.333333333333
0.285714285714	0.190476190476	0.253968253968	0.269841269841
0.190476190476	0.238095238095	0.206349206349	0.365079365079
0.333333333333	0.190476190476	0.190476190476	0.285714285714
0.253968253968	0.238095238095	0.349206349206	0.15873015873
0.428571428571	0.15873015873	0.222222222222	0.190476190476
0.253968253968	0.0952380952381	0.238095238095	0.412698412698
0.269841269841	0.301587301587	0.111111111111	0.31746031746
0.206349206349	0.015873015873	0.031746031746	0.746031746032
0.0	0.0	1.0	0.0
0.047619047619	0.920634920635	0.015873015873	0.015873015873
0.650793650794	0.031746031746	0.111111111111	0.206349206349
0.269841269841	0.015873015873	0.206349206349	0.507936507937
0.825396825397	0.047619047619	0.031746031746	0.0952380952381
0.650793650794	0.015873015873	0.0	0.333333333333
0.111111111111	0.0793650793651	0.0	0.809523809524
0.0793650793651	0.0793650793651	0.206349206349	0.634920634921
0.222222222222	0.444444444444	0.0634920634921	0.269841269841
0.460317460317	0.174603174603	0.174603174603	0.190476190476
0.412698412698	0.111111111111	0.111111111111	0.365079365079

MOTIF Pfenning_D2pos_Cpu_fold2_20.fwd
letter-probability matrix: alength= 4 w= 21 nsites= 36 E= 0
0.333333333333	0.138888888889	0.25	0.277777777778
0.333333333333	0.138888888889	0.305555555556	0.222222222222
0.111111111111	0.194444444444	0.305555555556	0.388888888889
0.166666666667	0.277777777778	0.305555555556	0.25
0.25	0.472222222222	0.111111111111	0.166666666667
0.111111111111	0.111111111111	0.277777777778	0.5
0.0	0.0	0.944444444444	0.0555555555556
0.0277777777778	0.0277777777778	0.0	0.944444444444
0.0555555555556	0.0	0.0	0.944444444444
0.0833333333333	0.0	0.888888888889	0.0277777777778
0.0	1.0	0.0	0.0
0.0555555555556	0.388888888889	0.0	0.555555555556
0.722222222222	0.0	0.0	0.277777777778
0.472222222222	0.0	0.361111111111	0.166666666667
0.0277777777778	0.0	0.972222222222	0.0
0.138888888889	0.416666666667	0.333333333333	0.111111111111
0.555555555556	0.0555555555556	0.138888888889	0.25
0.416666666667	0.166666666667	0.277777777778	0.138888888889
0.277777777778	0.444444444444	0.138888888889	0.138888888889
0.222222222222	0.25	0.166666666667	0.361111111111
0.194444444444	0.222222222222	0.388888888889	0.194444444444

