MEME version 4

ALPHABET= ACGT

strands: + -

Background letter frequencies (from unknown source)
A 0.250 C 0.250 G 0.250 T 0.250

MOTIF Pfenning_D1pos_Cpu_fold2_1.fwd
letter-probability matrix: alength= 4 w= 21 nsites= 1075 E= 0
0.267906976744	0.223255813953	0.238139534884	0.270697674419
0.297674418605	0.211162790698	0.237209302326	0.253953488372
0.293023255814	0.236279069767	0.217674418605	0.253023255814
0.284651162791	0.220465116279	0.22511627907	0.26976744186
0.277209302326	0.228837209302	0.205581395349	0.288372093023
0.277209302326	0.218604651163	0.212093023256	0.292093023256
0.258604651163	0.247441860465	0.213023255814	0.280930232558
0.292093023256	0.221395348837	0.246511627907	0.24
0.371162790698	0.233488372093	0.164651162791	0.230697674419
0.26976744186	0.0176744186047	0.203720930233	0.508837209302
0.0353488372093	0.0102325581395	0.946046511628	0.00837209302326
0.371162790698	0.0772093023256	0.241860465116	0.30976744186
0.00372093023256	0.994418604651	0.0	0.00186046511628
0.00279069767442	0.994418604651	0.0	0.00279069767442
0.61488372093	0.172093023256	0.00837209302326	0.204651162791
0.199069767442	0.253953488372	0.21023255814	0.336744186047
0.266976744186	0.208372093023	0.208372093023	0.316279069767
0.303255813953	0.212093023256	0.232558139535	0.252093023256
0.299534883721	0.227906976744	0.195348837209	0.277209302326
0.29023255814	0.199069767442	0.24	0.270697674419
0.271627906977	0.217674418605	0.226046511628	0.284651162791

MOTIF Pfenning_D1pos_Cpu_fold2_2.fwd
letter-probability matrix: alength= 4 w= 21 nsites= 325 E= 0
0.221538461538	0.163076923077	0.209230769231	0.406153846154
0.292307692308	0.150769230769	0.196923076923	0.36
0.243076923077	0.16	0.16	0.436923076923
0.230769230769	0.218461538462	0.141538461538	0.409230769231
0.292307692308	0.184615384615	0.129230769231	0.393846153846
0.363076923077	0.147692307692	0.147692307692	0.341538461538
0.286153846154	0.141538461538	0.16	0.412307692308
0.206153846154	0.0861538461538	0.107692307692	0.6
0.0830769230769	0.0123076923077	0.0492307692308	0.855384615385
0.307692307692	0.0369230769231	0.526153846154	0.129230769231
0.0	0.00307692307692	0.00923076923077	0.987692307692
0.0646153846154	0.00307692307692	0.0215384615385	0.910769230769
0.04	0.00615384615385	0.116923076923	0.836923076923
0.446153846154	0.0492307692308	0.233846153846	0.270769230769
0.0492307692308	0.212307692308	0.132307692308	0.606153846154
0.184615384615	0.126153846154	0.147692307692	0.541538461538
0.264615384615	0.0953846153846	0.16	0.48
0.273846153846	0.147692307692	0.193846153846	0.384615384615
0.276923076923	0.0892307692308	0.190769230769	0.443076923077
0.249230769231	0.144615384615	0.172307692308	0.433846153846
0.261538461538	0.153846153846	0.153846153846	0.430769230769

MOTIF Pfenning_D1pos_Cpu_fold2_3.fwd
letter-probability matrix: alength= 4 w= 21 nsites= 169 E= 0
0.360946745562	0.12426035503	0.177514792899	0.337278106509
0.295857988166	0.171597633136	0.218934911243	0.313609467456
0.372781065089	0.189349112426	0.177514792899	0.260355029586
0.426035502959	0.195266272189	0.14201183432	0.236686390533
0.372781065089	0.189349112426	0.14201183432	0.295857988166
0.254437869822	0.319526627219	0.136094674556	0.289940828402
0.414201183432	0.420118343195	0.0769230769231	0.0887573964497
0.0650887573964	0.366863905325	0.0532544378698	0.514792899408
0.834319526627	0.0532544378698	0.100591715976	0.0118343195266
0.0118343195266	0.0473372781065	0.0	0.940828402367
0.94674556213	0.0	0.0414201183432	0.0118343195266
0.0236686390533	0.479289940828	0.0295857988166	0.467455621302
0.810650887574	0.0591715976331	0.118343195266	0.0118343195266
0.130177514793	0.313609467456	0.171597633136	0.384615384615
0.360946745562	0.177514792899	0.260355029586	0.201183431953
0.266272189349	0.218934911243	0.207100591716	0.307692307692
0.431952662722	0.0828402366864	0.153846153846	0.331360946746
0.378698224852	0.189349112426	0.230769230769	0.201183431953
0.408284023669	0.14201183432	0.195266272189	0.254437869822
0.355029585799	0.242603550296	0.171597633136	0.230769230769
0.420118343195	0.171597633136	0.130177514793	0.278106508876

MOTIF Pfenning_D1pos_Cpu_fold2_4.fwd
letter-probability matrix: alength= 4 w= 21 nsites= 153 E= 0
0.261437908497	0.169934640523	0.261437908497	0.307189542484
0.267973856209	0.183006535948	0.228758169935	0.320261437908
0.261437908497	0.254901960784	0.21568627451	0.267973856209
0.248366013072	0.228758169935	0.287581699346	0.235294117647
0.320261437908	0.261437908497	0.169934640523	0.248366013072
0.261437908497	0.183006535948	0.248366013072	0.307189542484
0.222222222222	0.202614379085	0.267973856209	0.307189542484
0.307189542484	0.169934640523	0.248366013072	0.274509803922
0.352941176471	0.209150326797	0.16339869281	0.274509803922
0.392156862745	0.359477124183	0.130718954248	0.117647058824
0.0196078431373	0.928104575163	0.0	0.0522875816993
0.0196078431373	0.862745098039	0.0	0.117647058824
0.967320261438	0.00653594771242	0.0	0.0261437908497
0.0	0.00653594771242	0.0392156862745	0.954248366013
0.37908496732	0.0653594771242	0.529411764706	0.0261437908497
0.150326797386	0.078431372549	0.562091503268	0.209150326797
0.261437908497	0.16339869281	0.411764705882	0.16339869281
0.294117647059	0.18954248366	0.183006535948	0.333333333333
0.267973856209	0.18954248366	0.209150326797	0.333333333333
0.254901960784	0.274509803922	0.183006535948	0.287581699346
0.320261437908	0.202614379085	0.222222222222	0.254901960784

MOTIF Pfenning_D1pos_Cpu_fold2_5.fwd
letter-probability matrix: alength= 4 w= 21 nsites= 129 E= 0
0.232558139535	0.294573643411	0.162790697674	0.31007751938
0.255813953488	0.279069767442	0.255813953488	0.209302325581
0.240310077519	0.22480620155	0.22480620155	0.31007751938
0.263565891473	0.15503875969	0.364341085271	0.217054263566
0.279069767442	0.193798449612	0.31007751938	0.217054263566
0.286821705426	0.15503875969	0.317829457364	0.240310077519
0.100775193798	0.744186046512	0.077519379845	0.077519379845
0.100775193798	0.744186046512	0.015503875969	0.139534883721
0.651162790698	0.0697674418605	0.0697674418605	0.209302325581
0.100775193798	0.674418604651	0.062015503876	0.162790697674
0.015503875969	0.883720930233	0.0	0.100775193798
0.852713178295	0.062015503876	0.0	0.0852713178295
0.0232558139535	0.100775193798	0.0387596899225	0.837209302326
0.186046511628	0.131782945736	0.651162790698	0.031007751938
0.178294573643	0.124031007752	0.302325581395	0.395348837209
0.22480620155	0.170542635659	0.37984496124	0.22480620155
0.186046511628	0.162790697674	0.37984496124	0.271317829457
0.418604651163	0.116279069767	0.22480620155	0.240310077519
0.201550387597	0.333333333333	0.271317829457	0.193798449612
0.263565891473	0.341085271318	0.15503875969	0.240310077519
0.263565891473	0.286821705426	0.147286821705	0.302325581395

MOTIF Pfenning_D1pos_Cpu_fold2_6.fwd
letter-probability matrix: alength= 4 w= 21 nsites= 97 E= 0
0.329896907216	0.216494845361	0.175257731959	0.278350515464
0.329896907216	0.237113402062	0.134020618557	0.298969072165
0.40206185567	0.113402061856	0.144329896907	0.340206185567
0.350515463918	0.144329896907	0.20618556701	0.298969072165
0.515463917526	0.237113402062	0.144329896907	0.103092783505
0.329896907216	0.329896907216	0.0927835051546	0.247422680412
0.515463917526	0.154639175258	0.154639175258	0.175257731959
0.103092783505	0.19587628866	0.144329896907	0.556701030928
0.577319587629	0.237113402062	0.164948453608	0.020618556701
0.0618556701031	0.175257731959	0.0103092783505	0.752577319588
0.958762886598	0.0	0.0103092783505	0.0309278350515
0.0412371134021	0.103092783505	0.0103092783505	0.845360824742
1.0	0.0	0.0	0.0
0.0309278350515	0.762886597938	0.020618556701	0.185567010309
0.525773195876	0.216494845361	0.0927835051546	0.164948453608
0.340206185567	0.164948453608	0.144329896907	0.350515463918
0.422680412371	0.19587628866	0.164948453608	0.216494845361
0.360824742268	0.216494845361	0.123711340206	0.298969072165
0.371134020619	0.134020618557	0.154639175258	0.340206185567
0.360824742268	0.185567010309	0.20618556701	0.247422680412
0.371134020619	0.154639175258	0.19587628866	0.278350515464

MOTIF Pfenning_D1pos_Cpu_fold2_7.fwd
letter-probability matrix: alength= 4 w= 21 nsites= 92 E= 0
0.184782608696	0.152173913043	0.163043478261	0.5
0.184782608696	0.141304347826	0.130434782609	0.54347826087
0.195652173913	0.141304347826	0.25	0.413043478261
0.20652173913	0.173913043478	0.152173913043	0.467391304348
0.173913043478	0.141304347826	0.163043478261	0.521739130435
0.173913043478	0.163043478261	0.380434782609	0.282608695652
0.184782608696	0.0760869565217	0.0760869565217	0.663043478261
0.0434782608696	0.0217391304348	0.0434782608696	0.891304347826
0.0869565217391	0.0217391304348	0.79347826087	0.0978260869565
0.0217391304348	0.0	0.173913043478	0.804347826087
0.0326086956522	0.0	0.0108695652174	0.95652173913
0.0869565217391	0.0217391304348	0.673913043478	0.217391304348
0.054347826087	0.0108695652174	0.29347826087	0.641304347826
0.0434782608696	0.0217391304348	0.228260869565	0.70652173913
0.0760869565217	0.0652173913043	0.45652173913	0.402173913043
0.141304347826	0.0760869565217	0.25	0.532608695652
0.163043478261	0.119565217391	0.239130434783	0.478260869565
0.152173913043	0.0869565217391	0.282608695652	0.478260869565
0.20652173913	0.130434782609	0.20652173913	0.45652173913
0.173913043478	0.195652173913	0.217391304348	0.413043478261
0.163043478261	0.239130434783	0.260869565217	0.336956521739

MOTIF Pfenning_D1pos_Cpu_fold2_8.fwd
letter-probability matrix: alength= 4 w= 21 nsites= 85 E= 0
0.576470588235	0.0941176470588	0.117647058824	0.211764705882
0.188235294118	0.447058823529	0.0823529411765	0.282352941176
0.623529411765	0.141176470588	0.0941176470588	0.141176470588
0.152941176471	0.411764705882	0.0823529411765	0.352941176471
0.741176470588	0.0705882352941	0.105882352941	0.0823529411765
0.188235294118	0.505882352941	0.0470588235294	0.258823529412
0.870588235294	0.0823529411765	0.0235294117647	0.0235294117647
0.0352941176471	0.670588235294	0.0470588235294	0.247058823529
0.964705882353	0.0117647058824	0.0117647058824	0.0117647058824
0.141176470588	0.411764705882	0.0	0.447058823529
0.964705882353	0.0235294117647	0.0117647058824	0.0
0.0705882352941	0.517647058824	0.0117647058824	0.4
1.0	0.0	0.0	0.0
0.0941176470588	0.670588235294	0.0117647058824	0.223529411765
0.847058823529	0.0705882352941	0.0470588235294	0.0352941176471
0.141176470588	0.552941176471	0.0235294117647	0.282352941176
0.788235294118	0.0352941176471	0.0588235294118	0.117647058824
0.141176470588	0.505882352941	0.0705882352941	0.282352941176
0.752941176471	0.0823529411765	0.0705882352941	0.0941176470588
0.152941176471	0.388235294118	0.0470588235294	0.411764705882
0.647058823529	0.0352941176471	0.2	0.117647058824

MOTIF Pfenning_D1pos_Cpu_fold2_9.fwd
letter-probability matrix: alength= 4 w= 21 nsites= 72 E= 0
0.263888888889	0.125	0.277777777778	0.333333333333
0.0833333333333	0.208333333333	0.291666666667	0.416666666667
0.180555555556	0.208333333333	0.194444444444	0.416666666667
0.25	0.263888888889	0.222222222222	0.263888888889
0.277777777778	0.180555555556	0.180555555556	0.361111111111
0.291666666667	0.208333333333	0.138888888889	0.361111111111
0.222222222222	0.138888888889	0.194444444444	0.444444444444
0.194444444444	0.180555555556	0.361111111111	0.263888888889
0.194444444444	0.111111111111	0.194444444444	0.5
0.138888888889	0.0277777777778	0.152777777778	0.680555555556
0.166666666667	0.0416666666667	0.722222222222	0.0694444444444
0.0972222222222	0.0	0.0555555555556	0.847222222222
0.0555555555556	0.0138888888889	0.111111111111	0.819444444444
0.0277777777778	0.0	0.972222222222	0.0
0.0416666666667	0.0277777777778	0.666666666667	0.263888888889
0.111111111111	0.0833333333333	0.0555555555556	0.75
0.152777777778	0.138888888889	0.25	0.458333333333
0.361111111111	0.194444444444	0.194444444444	0.25
0.125	0.236111111111	0.236111111111	0.402777777778
0.263888888889	0.25	0.138888888889	0.347222222222
0.138888888889	0.208333333333	0.305555555556	0.347222222222

MOTIF Pfenning_D1pos_Cpu_fold2_10.fwd
letter-probability matrix: alength= 4 w= 21 nsites= 73 E= 0
0.287671232877	0.164383561644	0.260273972603	0.287671232877
0.232876712329	0.178082191781	0.342465753425	0.246575342466
0.232876712329	0.260273972603	0.260273972603	0.246575342466
0.246575342466	0.246575342466	0.287671232877	0.219178082192
0.205479452055	0.315068493151	0.232876712329	0.246575342466
0.301369863014	0.150684931507	0.328767123288	0.219178082192
0.178082191781	0.041095890411	0.479452054795	0.301369863014
0.109589041096	0.0547945205479	0.767123287671	0.0684931506849
0.164383561644	0.0547945205479	0.58904109589	0.191780821918
0.150684931507	0.369863013699	0.191780821918	0.287671232877
0.164383561644	0.616438356164	0.0547945205479	0.164383561644
0.27397260274	0.260273972603	0.0821917808219	0.383561643836
0.301369863014	0.027397260274	0.232876712329	0.438356164384
0.0	0.0	0.972602739726	0.027397260274
0.0684931506849	0.0684931506849	0.808219178082	0.0547945205479
0.315068493151	0.328767123288	0.123287671233	0.232876712329
0.013698630137	0.945205479452	0.013698630137	0.027397260274
0.424657534247	0.123287671233	0.013698630137	0.438356164384
0.342465753425	0.0821917808219	0.301369863014	0.27397260274
0.260273972603	0.232876712329	0.232876712329	0.27397260274
0.328767123288	0.205479452055	0.246575342466	0.219178082192

MOTIF Pfenning_D1pos_Cpu_fold2_11.fwd
letter-probability matrix: alength= 4 w= 21 nsites= 66 E= 0
0.242424242424	0.19696969697	0.439393939394	0.121212121212
0.393939393939	0.181818181818	0.227272727273	0.19696969697
0.181818181818	0.333333333333	0.19696969697	0.287878787879
0.439393939394	0.151515151515	0.136363636364	0.272727272727
0.181818181818	0.212121212121	0.424242424242	0.181818181818
0.166666666667	0.348484848485	0.242424242424	0.242424242424
0.287878787879	0.333333333333	0.166666666667	0.212121212121
0.378787878788	0.121212121212	0.181818181818	0.318181818182
0.181818181818	0.181818181818	0.469696969697	0.166666666667
0.166666666667	0.19696969697	0.424242424242	0.212121212121
0.257575757576	0.30303030303	0.333333333333	0.106060606061
0.030303030303	0.924242424242	0.0151515151515	0.030303030303
0.166666666667	0.19696969697	0.0151515151515	0.621212121212
0.818181818182	0.106060606061	0.0606060606061	0.0151515151515
0.0	0.590909090909	0.0	0.409090909091
0.742424242424	0.0909090909091	0.0606060606061	0.106060606061
0.030303030303	0.833333333333	0.0454545454545	0.0909090909091
0.560606060606	0.227272727273	0.0454545454545	0.166666666667
0.242424242424	0.181818181818	0.378787878788	0.19696969697
0.272727272727	0.136363636364	0.30303030303	0.287878787879
0.212121212121	0.181818181818	0.469696969697	0.136363636364

MOTIF Pfenning_D1pos_Cpu_fold2_12.fwd
letter-probability matrix: alength= 4 w= 21 nsites= 51 E= 0
0.254901960784	0.137254901961	0.254901960784	0.352941176471
0.156862745098	0.0980392156863	0.274509803922	0.470588235294
0.21568627451	0.117647058824	0.274509803922	0.392156862745
0.274509803922	0.117647058824	0.235294117647	0.372549019608
0.078431372549	0.156862745098	0.254901960784	0.509803921569
0.196078431373	0.0980392156863	0.196078431373	0.509803921569
0.137254901961	0.0	0.313725490196	0.549019607843
0.078431372549	0.0392156862745	0.862745098039	0.0196078431373
0.0392156862745	0.0392156862745	0.254901960784	0.666666666667
0.0392156862745	0.0	0.0392156862745	0.921568627451
0.156862745098	0.078431372549	0.549019607843	0.21568627451
0.156862745098	0.0980392156863	0.529411764706	0.21568627451
0.0588235294118	0.0392156862745	0.294117647059	0.607843137255
0.137254901961	0.078431372549	0.294117647059	0.490196078431
0.0588235294118	0.078431372549	0.588235294118	0.274509803922
0.235294117647	0.117647058824	0.294117647059	0.352941176471
0.0392156862745	0.176470588235	0.254901960784	0.529411764706
0.196078431373	0.176470588235	0.313725490196	0.313725490196
0.156862745098	0.196078431373	0.21568627451	0.43137254902
0.156862745098	0.274509803922	0.196078431373	0.372549019608
0.21568627451	0.0980392156863	0.352941176471	0.333333333333

MOTIF Pfenning_D1pos_Cpu_fold2_13.fwd
letter-probability matrix: alength= 4 w= 21 nsites= 52 E= 0
0.25	0.173076923077	0.269230769231	0.307692307692
0.192307692308	0.307692307692	0.269230769231	0.230769230769
0.288461538462	0.269230769231	0.153846153846	0.288461538462
0.25	0.288461538462	0.230769230769	0.230769230769
0.230769230769	0.192307692308	0.288461538462	0.288461538462
0.230769230769	0.0769230769231	0.25	0.442307692308
0.0769230769231	0.0576923076923	0.788461538462	0.0769230769231
0.0961538461538	0.0384615384615	0.788461538462	0.0769230769231
0.230769230769	0.230769230769	0.269230769231	0.269230769231
0.115384615385	0.634615384615	0.0576923076923	0.192307692308
0.211538461538	0.403846153846	0.134615384615	0.25
0.384615384615	0.0961538461538	0.115384615385	0.403846153846
0.134615384615	0.0769230769231	0.615384615385	0.173076923077
0.0	0.0	0.980769230769	0.0192307692308
0.192307692308	0.0961538461538	0.25	0.461538461538
0.0576923076923	0.865384615385	0.0576923076923	0.0192307692308
0.0384615384615	0.807692307692	0.0769230769231	0.0769230769231
0.269230769231	0.326923076923	0.0576923076923	0.346153846154
0.173076923077	0.173076923077	0.365384615385	0.288461538462
0.230769230769	0.230769230769	0.346153846154	0.192307692308
0.269230769231	0.25	0.269230769231	0.211538461538

MOTIF Pfenning_D1pos_Cpu_fold2_14.fwd
letter-probability matrix: alength= 4 w= 21 nsites= 46 E= 0
0.282608695652	0.282608695652	0.152173913043	0.282608695652
0.326086956522	0.304347826087	0.195652173913	0.173913043478
0.260869565217	0.217391304348	0.152173913043	0.369565217391
0.217391304348	0.173913043478	0.217391304348	0.391304347826
0.326086956522	0.217391304348	0.217391304348	0.239130434783
0.434782608696	0.152173913043	0.260869565217	0.152173913043
0.195652173913	0.217391304348	0.239130434783	0.347826086957
0.434782608696	0.0869565217391	0.369565217391	0.108695652174
0.413043478261	0.217391304348	0.173913043478	0.195652173913
0.0	0.0	0.0	1.0
0.934782608696	0.0434782608696	0.0	0.0217391304348
0.0217391304348	0.0	0.978260869565	0.0
0.0	0.978260869565	0.0	0.0217391304348
0.0	1.0	0.0	0.0
0.891304347826	0.0434782608696	0.0	0.0652173913043
0.0652173913043	0.282608695652	0.282608695652	0.369565217391
0.173913043478	0.173913043478	0.130434782609	0.521739130435
0.239130434783	0.239130434783	0.217391304348	0.304347826087
0.304347826087	0.239130434783	0.239130434783	0.217391304348
0.282608695652	0.195652173913	0.130434782609	0.391304347826
0.260869565217	0.195652173913	0.173913043478	0.369565217391

MOTIF Pfenning_D1pos_Cpu_fold2_15.fwd
letter-probability matrix: alength= 4 w= 21 nsites= 40 E= 0
0.275	0.05	0.3	0.375
0.125	0.15	0.15	0.575
0.3	0.075	0.25	0.375
0.175	0.175	0.2	0.45
0.15	0.075	0.25	0.525
0.05	0.05	0.4	0.5
0.225	0.025	0.325	0.425
0.05	0.025	0.0	0.925
0.125	0.05	0.625	0.2
0.05	0.0	0.425	0.525
0.0	0.0	0.025	0.975
0.1	0.0	0.475	0.425
0.125	0.05	0.625	0.2
0.0	0.025	0.05	0.925
0.075	0.05	0.4	0.475
0.175	0.075	0.45	0.3
0.05	0.025	0.175	0.75
0.175	0.075	0.475	0.275
0.275	0.125	0.225	0.375
0.175	0.125	0.2	0.5
0.2	0.1	0.25	0.45

