MEME version 4

ALPHABET= ACGT

strands: + -

Background letter frequencies (from unknown source)
A 0.250 C 0.250 G 0.250 T 0.250

MOTIF Pfenning_D1pos_Nac_fold3_1.fwd
letter-probability matrix: alength= 4 w= 21 nsites= 1213 E= 0
0.285243198681	0.253091508656	0.210222588623	0.25144270404
0.263808738664	0.229183841715	0.24649629019	0.260511129431
0.238252267106	0.281121187139	0.248145094806	0.232481450948
0.25638911789	0.300906842539	0.174773289365	0.267930750206
0.289365210223	0.193734542457	0.198680956307	0.318219291014
0.208573784007	0.268755152514	0.258862324815	0.263808738664
0.150865622424	0.174773289365	0.445177246496	0.229183841715
0.124484748557	0.695795548228	0.0931574608409	0.0865622423743
0.465787304204	0.0849134377576	0.0461665292663	0.403132728772
0.143446001649	0.190436933223	0.492992580379	0.173124484749
0.126133553174	0.287716405606	0.40890354493	0.17724649629
0.080791426216	0.838417147568	0.0535861500412	0.0272052761748
0.463314097279	0.0140148392415	0.0486397361913	0.474031327288
0.00824402308326	0.0313272877164	0.938169826876	0.0222588623248
0.037922506183	0.888705688376	0.040395713108	0.0329760923331
0.35943940643	0.169002473207	0.0610057708162	0.410552349547
0.126957955482	0.151690024732	0.504534212696	0.21681780709
0.208573784007	0.37922506183	0.19208573784	0.220115416323
0.248145094806	0.204451772465	0.244023083265	0.303380049464
0.22176422094	0.228359439406	0.286067600989	0.263808738664
0.262159934048	0.271228359439	0.198680956307	0.267930750206

MOTIF Pfenning_D1pos_Nac_fold3_2.fwd
letter-probability matrix: alength= 4 w= 21 nsites= 1214 E= 0
0.259472817133	0.223228995058	0.226523887974	0.290774299835
0.26194398682	0.242174629325	0.227347611203	0.268533772652
0.242174629325	0.25370675453	0.21334431631	0.290774299835
0.260296540362	0.254530477759	0.202635914333	0.282537067545
0.276771004942	0.250411861614	0.203459637562	0.269357495881
0.316309719934	0.16392092257	0.245469522241	0.274299835255
0.271828665568	0.304777594728	0.199341021417	0.224052718287
0.284184514003	0.169686985173	0.242998352554	0.30313014827
0.146622734761	0.576606260297	0.151565074135	0.125205930807
0.511532125206	0.0420098846787	0.101317957166	0.345140032949
0.0131795716639	0.00658978583196	0.962932454695	0.0172981878089
0.103789126853	0.864909390445	0.000823723228995	0.0304777594728
0.41021416804	0.0304777594728	0.0107084019769	0.548599670511
0.0288303130148	0.843492586491	0.0815485996705	0.0461285008237
0.457990115321	0.0634266886326	0.0345963756178	0.443986820428
0.0329489291598	0.0856672158155	0.81136738056	0.0700164744646
0.259472817133	0.400329489292	0.0807248764415	0.259472817133
0.262767710049	0.189456342669	0.251235584843	0.296540362438
0.228171334432	0.292421746293	0.166392092257	0.313014827018
0.2784184514	0.222405271829	0.23805601318	0.261120263591
0.243822075783	0.249588138386	0.233937397035	0.272652388797

MOTIF Pfenning_D1pos_Nac_fold3_3.fwd
letter-probability matrix: alength= 4 w= 21 nsites= 963 E= 0
0.252336448598	0.280373831776	0.194184839045	0.273104880582
0.245067497404	0.310488058152	0.18691588785	0.257528556594
0.253374870197	0.256490134995	0.203530633437	0.286604361371
0.223260643821	0.311526479751	0.205607476636	0.259605399792
0.215991692627	0.352024922118	0.0996884735202	0.332294911734
0.185877466251	0.318795430945	0.165109034268	0.330218068536
0.193146417445	0.622014537902	0.0820353063344	0.102803738318
0.0996884735202	0.779854620976	0.00103842159917	0.119418483904
0.342679127726	0.048805815161	0.207684319834	0.400830737279
0.00103842159917	0.993769470405	0.00207684319834	0.00311526479751
0.00830737279335	0.976116303219	0.00623052959502	0.00934579439252
0.0103842159917	0.811007268951	0.00726895119418	0.171339563863
0.681204569055	0.234683281412	0.0176531671859	0.0664589823468
0.00415368639668	0.981308411215	0.00623052959502	0.00830737279335
0.454828660436	0.133956386293	0.141225337487	0.269989615784
0.0830737279335	0.542056074766	0.170301142264	0.204569055036
0.343717549325	0.31256490135	0.132917964694	0.210799584631
0.178608515057	0.364485981308	0.198338525441	0.258566978193
0.249221183801	0.266874350987	0.18691588785	0.296988577362
0.215991692627	0.284527518172	0.20041536864	0.299065420561
0.230529595016	0.304257528557	0.207684319834	0.257528556594

MOTIF Pfenning_D1pos_Nac_fold3_4.fwd
letter-probability matrix: alength= 4 w= 21 nsites= 565 E= 0
0.269026548673	0.182300884956	0.238938053097	0.309734513274
0.283185840708	0.228318584071	0.258407079646	0.230088495575
0.33982300885	0.120353982301	0.261946902655	0.277876106195
0.353982300885	0.196460176991	0.235398230088	0.214159292035
0.373451327434	0.224778761062	0.145132743363	0.256637168142
0.263716814159	0.302654867257	0.185840707965	0.247787610619
0.0566371681416	0.0176991150442	0.0	0.925663716814
0.0	0.00530973451327	0.985840707965	0.00884955752212
0.573451327434	0.0194690265487	0.0283185840708	0.378761061947
0.0106194690265	0.989380530973	0.0	0.0
0.955752212389	0.0	0.00884955752212	0.0353982300885
0.100884955752	0.0230088495575	0.688495575221	0.187610619469
0.212389380531	0.29203539823	0.223008849558	0.272566371681
0.249557522124	0.244247787611	0.10796460177	0.398230088496
0.249557522124	0.166371681416	0.178761061947	0.405309734513
0.30796460177	0.254867256637	0.182300884956	0.254867256637
0.357522123894	0.171681415929	0.235398230088	0.235398230088
0.277876106195	0.182300884956	0.228318584071	0.311504424779
0.263716814159	0.207079646018	0.201769911504	0.327433628319
0.27610619469	0.223008849558	0.203539823009	0.297345132743
0.284955752212	0.194690265487	0.230088495575	0.290265486726

MOTIF Pfenning_D1pos_Nac_fold3_5.fwd
letter-probability matrix: alength= 4 w= 21 nsites= 562 E= 0
0.279359430605	0.209964412811	0.250889679715	0.259786476868
0.291814946619	0.225978647687	0.249110320285	0.233096085409
0.272241992883	0.229537366548	0.241992882562	0.256227758007
0.286476868327	0.241992882562	0.224199288256	0.247330960854
0.350533807829	0.201067615658	0.195729537367	0.252669039146
0.261565836299	0.17793594306	0.277580071174	0.282918149466
0.224199288256	0.261565836299	0.298932384342	0.215302491103
0.261565836299	0.202846975089	0.23665480427	0.298932384342
0.38256227758	0.275800711744	0.268683274021	0.0729537366548
0.0106761565836	0.00889679715302	0.00533807829181	0.975088967972
0.00355871886121	0.0017793594306	0.889679715302	0.104982206406
0.980427046263	0.0017793594306	0.0017793594306	0.0160142348754
0.0782918149466	0.00711743772242	0.798932384342	0.115658362989
0.0017793594306	0.0017793594306	0.00533807829181	0.991103202847
0.0498220640569	0.946619217082	0.0017793594306	0.0017793594306
0.987544483986	0.00355871886121	0.0017793594306	0.00711743772242
0.0373665480427	0.256227758007	0.241992882562	0.464412811388
0.306049822064	0.266903914591	0.151245551601	0.275800711744
0.261565836299	0.256227758007	0.208185053381	0.274021352313
0.266903914591	0.258007117438	0.222419928826	0.252669039146
0.250889679715	0.229537366548	0.224199288256	0.29537366548

MOTIF Pfenning_D1pos_Nac_fold3_6.fwd
letter-probability matrix: alength= 4 w= 21 nsites= 556 E= 0
0.359712230216	0.178057553957	0.224820143885	0.237410071942
0.339928057554	0.201438848921	0.179856115108	0.278776978417
0.284172661871	0.214028776978	0.230215827338	0.271582733813
0.302158273381	0.172661870504	0.255395683453	0.269784172662
0.31654676259	0.125899280576	0.255395683453	0.302158273381
0.210431654676	0.145683453237	0.311151079137	0.33273381295
0.142086330935	0.473021582734	0.118705035971	0.26618705036
0.0395683453237	0.23381294964	0.0557553956835	0.670863309353
0.622302158273	0.0737410071942	0.091726618705	0.212230215827
0.654676258993	0.0323741007194	0.0665467625899	0.246402877698
0.890287769784	0.0089928057554	0.0395683453237	0.0611510791367
0.928057553957	0.00359712230216	0.00719424460432	0.0611510791367
0.742805755396	0.0	0.00539568345324	0.251798561151
0.0125899280576	0.00719424460432	0.0	0.980215827338
0.955035971223	0.00359712230216	0.00719424460432	0.0341726618705
0.143884892086	0.0395683453237	0.742805755396	0.0737410071942
0.392086330935	0.43345323741	0.068345323741	0.106115107914
0.352517985612	0.16726618705	0.115107913669	0.365107913669
0.242805755396	0.262589928058	0.188848920863	0.305755395683
0.255395683453	0.321942446043	0.151079136691	0.271582733813
0.293165467626	0.212230215827	0.185251798561	0.309352517986

MOTIF Pfenning_D1pos_Nac_fold3_7.fwd
letter-probability matrix: alength= 4 w= 21 nsites= 521 E= 0
0.285988483685	0.188099808061	0.21689059501	0.309021113244
0.305182341651	0.195777351248	0.197696737044	0.301343570058
0.295585412668	0.193857965451	0.195777351248	0.314779270633
0.274472168906	0.176583493282	0.197696737044	0.351247600768
0.262955854127	0.191938579655	0.207293666027	0.337811900192
0.201535508637	0.159309021113	0.201535508637	0.437619961612
0.209213051823	0.132437619962	0.170825335893	0.487523992322
0.234165067179	0.145873320537	0.120921305182	0.499040307102
0.147792706334	0.084452975048	0.0882917466411	0.679462571977
0.0614203454894	0.0518234165067	0.0537428023033	0.833013435701
0.0460652591171	0.0479846449136	0.0345489443378	0.871401151631
0.0441458733205	0.0786948176583	0.021113243762	0.856046065259
0.0460652591171	0.0403071017274	0.021113243762	0.892514395393
0.0268714011516	0.042226487524	0.0249520153551	0.905950095969
0.0326295585413	0.145873320537	0.0268714011516	0.79462571977
0.0479846449136	0.143953934741	0.0326295585413	0.775431861804
0.0556621880998	0.403071017274	0.0499040307102	0.491362763916
0.117082533589	0.157389635317	0.0690978886756	0.656429942418
0.126679462572	0.399232245681	0.0671785028791	0.406909788868
0.207293666027	0.207293666027	0.107485604607	0.47792706334
0.174664107486	0.245681381958	0.276391554702	0.303262955854

MOTIF Pfenning_D1pos_Nac_fold3_8.fwd
letter-probability matrix: alength= 4 w= 21 nsites= 505 E= 0
0.30099009901	0.194059405941	0.182178217822	0.322772277228
0.273267326733	0.207920792079	0.223762376238	0.29504950495
0.29504950495	0.20396039604	0.2	0.30099009901
0.283168316832	0.19801980198	0.20198019802	0.316831683168
0.255445544554	0.225742574257	0.229702970297	0.289108910891
0.312871287129	0.158415841584	0.249504950495	0.279207920792
0.279207920792	0.277227722772	0.231683168317	0.211881188119
0.312871287129	0.128712871287	0.178217821782	0.380198019802
0.20198019802	0.0613861386139	0.59603960396	0.140594059406
0.374257425743	0.259405940594	0.150495049505	0.215841584158
0.483168316832	0.136633663366	0.154455445545	0.225742574257
0.0633663366337	0.0514851485149	0.0455445544554	0.839603960396
0.942574257426	0.0138613861386	0.019801980198	0.0237623762376
0.960396039604	0.0019801980198	0.0039603960396	0.0336633663366
0.0811881188119	0.00594059405941	0.0019801980198	0.910891089109
0.0316831683168	0.039603960396	0.039603960396	0.889108910891
0.558415841584	0.178217821782	0.0990099009901	0.164356435644
0.316831683168	0.227722772277	0.166336633663	0.289108910891
0.314851485149	0.221782178218	0.176237623762	0.287128712871
0.285148514851	0.154455445545	0.186138613861	0.374257425743
0.233663366337	0.285148514851	0.194059405941	0.287128712871

MOTIF Pfenning_D1pos_Nac_fold3_9.fwd
letter-probability matrix: alength= 4 w= 21 nsites= 397 E= 0
0.224181360202	0.299748110831	0.27959697733	0.196473551637
0.224181360202	0.284634760705	0.292191435768	0.198992443325
0.214105793451	0.352644836272	0.267002518892	0.166246851385
0.229219143577	0.327455919395	0.231738035264	0.211586901763
0.181360201511	0.292191435768	0.327455919395	0.198992443325
0.219143576826	0.420654911839	0.183879093199	0.176322418136
0.151133501259	0.284634760705	0.377833753149	0.186397984887
0.148614609572	0.340050377834	0.294710327456	0.216624685139
0.168765743073	0.403022670025	0.324937027708	0.103274559194
0.249370277078	0.31234256927	0.249370277078	0.188916876574
0.0503778337531	0.0680100755668	0.833753148615	0.0478589420655
0.0226700251889	0.959697732997	0.00755667506297	0.0100755667506
0.00503778337531	0.0327455919395	0.919395465995	0.0428211586902
0.0403022670025	0.702770780856	0.198992443325	0.0579345088161
0.297229219144	0.130982367758	0.241813602015	0.329974811083
0.0352644836272	0.113350125945	0.770780856423	0.080604534005
0.115869017632	0.619647355164	0.125944584383	0.138539042821
0.219143576826	0.261964735516	0.244332493703	0.274559193955
0.188916876574	0.332493702771	0.282115869018	0.196473551637
0.221662468514	0.254408060453	0.299748110831	0.224181360202
0.183879093199	0.292191435768	0.342569269521	0.181360201511

MOTIF Pfenning_D1pos_Nac_fold3_10.fwd
letter-probability matrix: alength= 4 w= 21 nsites= 364 E= 0
0.293956043956	0.195054945055	0.181318681319	0.32967032967
0.247252747253	0.239010989011	0.18956043956	0.324175824176
0.288461538462	0.206043956044	0.134615384615	0.370879120879
0.296703296703	0.186813186813	0.18956043956	0.326923076923
0.269230769231	0.17032967033	0.211538461538	0.348901098901
0.263736263736	0.239010989011	0.178571428571	0.318681318681
0.274725274725	0.145604395604	0.0934065934066	0.486263736264
0.14010989011	0.101648351648	0.0906593406593	0.667582417582
0.142857142857	0.131868131868	0.142857142857	0.582417582418
0.195054945055	0.151098901099	0.159340659341	0.494505494505
0.554945054945	0.0796703296703	0.214285714286	0.151098901099
0.793956043956	0.0604395604396	0.10989010989	0.0357142857143
0.961538461538	0.0137362637363	0.010989010989	0.0137362637363
0.868131868132	0.010989010989	0.0796703296703	0.0412087912088
0.43956043956	0.118131868132	0.120879120879	0.321428571429
0.0879120879121	0.0302197802198	0.769230769231	0.112637362637
0.162087912088	0.714285714286	0.021978021978	0.101648351648
0.373626373626	0.0769230769231	0.115384615385	0.434065934066
0.208791208791	0.17032967033	0.233516483516	0.387362637363
0.244505494505	0.211538461538	0.18956043956	0.354395604396
0.208791208791	0.252747252747	0.159340659341	0.379120879121

MOTIF Pfenning_D1pos_Nac_fold3_11.fwd
letter-probability matrix: alength= 4 w= 21 nsites= 322 E= 0
0.313664596273	0.180124223602	0.152173913043	0.354037267081
0.347826086957	0.282608695652	0.195652173913	0.173913043478
0.0962732919255	0.242236024845	0.239130434783	0.422360248447
0.434782608696	0.0993788819876	0.363354037267	0.10248447205
0.0310559006211	0.409937888199	0.422360248447	0.136645962733
0.0403726708075	0.391304347826	0.027950310559	0.540372670807
0.0590062111801	0.00931677018634	0.782608695652	0.149068322981
0.055900621118	0.928571428571	0.00621118012422	0.00931677018634
0.00310559006211	0.990683229814	0.0	0.00621118012422
0.496894409938	0.493788819876	0.00310559006211	0.00621118012422
0.00621118012422	0.512422360248	0.0	0.481366459627
0.0	0.993788819876	0.0	0.00621118012422
0.0248447204969	0.0527950310559	0.0186335403727	0.903726708075
0.425465838509	0.0248447204969	0.360248447205	0.189440993789
0.0310559006211	0.298136645963	0.655279503106	0.0155279503106
0.055900621118	0.0465838509317	0.00621118012422	0.891304347826
0.0	0.0	0.996894409938	0.00310559006211
0.0372670807453	0.0527950310559	0.816770186335	0.0931677018634
0.204968944099	0.45652173913	0.0465838509317	0.291925465839
0.239130434783	0.403726708075	0.136645962733	0.22049689441
0.465838509317	0.127329192547	0.298136645963	0.108695652174

MOTIF Pfenning_D1pos_Nac_fold3_12.fwd
letter-probability matrix: alength= 4 w= 21 nsites= 170 E= 0
0.217647058824	0.223529411765	0.270588235294	0.288235294118
0.252941176471	0.276470588235	0.211764705882	0.258823529412
0.217647058824	0.258823529412	0.247058823529	0.276470588235
0.158823529412	0.288235294118	0.264705882353	0.288235294118
0.141176470588	0.294117647059	0.176470588235	0.388235294118
0.141176470588	0.0882352941176	0.394117647059	0.376470588235
0.00588235294118	0.0	0.988235294118	0.00588235294118
0.0176470588235	0.0647058823529	0.0	0.917647058824
0.0294117647059	0.0235294117647	0.0	0.947058823529
0.152941176471	0.0117647058824	0.670588235294	0.164705882353
0.00588235294118	0.976470588235	0.0	0.0176470588235
0.0	0.682352941176	0.00588235294118	0.311764705882
0.847058823529	0.00588235294118	0.00588235294118	0.141176470588
0.229411764706	0.0117647058824	0.188235294118	0.570588235294
0.0882352941176	0.0	0.911764705882	0.0
0.0529411764706	0.158823529412	0.758823529412	0.0294117647059
0.476470588235	0.2	0.0470588235294	0.276470588235
0.552941176471	0.0294117647059	0.241176470588	0.176470588235
0.617647058824	0.217647058824	0.123529411765	0.0411764705882
0.147058823529	0.511764705882	0.0823529411765	0.258823529412
0.347058823529	0.176470588235	0.252941176471	0.223529411765

MOTIF Pfenning_D1pos_Nac_fold3_13.fwd
letter-probability matrix: alength= 4 w= 21 nsites= 107 E= 0
0.242990654206	0.299065420561	0.158878504673	0.299065420561
0.271028037383	0.18691588785	0.18691588785	0.355140186916
0.271028037383	0.252336448598	0.158878504673	0.317757009346
0.271028037383	0.177570093458	0.196261682243	0.355140186916
0.280373831776	0.140186915888	0.252336448598	0.327102803738
0.289719626168	0.411214953271	0.140186915888	0.158878504673
0.476635514019	0.177570093458	0.0841121495327	0.261682242991
0.168224299065	0.0280373831776	0.0560747663551	0.747663551402
0.00934579439252	0.018691588785	0.00934579439252	0.96261682243
0.018691588785	0.0560747663551	0.0	0.92523364486
0.242990654206	0.102803738318	0.0841121495327	0.570093457944
0.429906542056	0.392523364486	0.0841121495327	0.0934579439252
0.747663551402	0.0934579439252	0.0373831775701	0.121495327103
0.551401869159	0.233644859813	0.196261682243	0.018691588785
0.654205607477	0.0373831775701	0.121495327103	0.18691588785
0.00934579439252	0.0	0.953271028037	0.0373831775701
0.018691588785	0.953271028037	0.00934579439252	0.018691588785
0.355140186916	0.158878504673	0.0280373831776	0.457943925234
0.224299065421	0.121495327103	0.392523364486	0.261682242991
0.355140186916	0.158878504673	0.168224299065	0.317757009346
0.261682242991	0.177570093458	0.252336448598	0.308411214953

MOTIF Pfenning_D1pos_Nac_fold3_14.fwd
letter-probability matrix: alength= 4 w= 21 nsites= 94 E= 0
0.202127659574	0.234042553191	0.148936170213	0.414893617021
0.212765957447	0.202127659574	0.159574468085	0.425531914894
0.265957446809	0.234042553191	0.244680851064	0.255319148936
0.18085106383	0.170212765957	0.234042553191	0.414893617021
0.212765957447	0.255319148936	0.329787234043	0.202127659574
0.244680851064	0.265957446809	0.148936170213	0.340425531915
0.117021276596	0.063829787234	0.0744680851064	0.744680851064
0.0957446808511	0.0212765957447	0.031914893617	0.851063829787
0.063829787234	0.031914893617	0.18085106383	0.723404255319
0.425531914894	0.159574468085	0.18085106383	0.234042553191
1.0	0.0	0.0	0.0
1.0	0.0	0.0	0.0
0.808510638298	0.0	0.0212765957447	0.170212765957
0.191489361702	0.202127659574	0.191489361702	0.414893617021
0.223404255319	0.18085106383	0.223404255319	0.372340425532
0.170212765957	0.106382978723	0.478723404255	0.244680851064
0.159574468085	0.797872340426	0.0212765957447	0.0212765957447
0.382978723404	0.127659574468	0.127659574468	0.36170212766
0.212765957447	0.18085106383	0.382978723404	0.223404255319
0.223404255319	0.276595744681	0.287234042553	0.212765957447
0.265957446809	0.212765957447	0.234042553191	0.287234042553

MOTIF Pfenning_D1pos_Nac_fold3_15.fwd
letter-probability matrix: alength= 4 w= 21 nsites= 83 E= 0
0.265060240964	0.21686746988	0.204819277108	0.313253012048
0.253012048193	0.204819277108	0.168674698795	0.373493975904
0.156626506024	0.265060240964	0.120481927711	0.457831325301
0.253012048193	0.180722891566	0.132530120482	0.433734939759
0.204819277108	0.156626506024	0.10843373494	0.530120481928
0.21686746988	0.156626506024	0.132530120482	0.493975903614
0.240963855422	0.132530120482	0.0602409638554	0.566265060241
0.0481927710843	0.0361445783133	0.0602409638554	0.855421686747
0.0602409638554	0.0602409638554	0.0481927710843	0.831325301205
0.228915662651	0.325301204819	0.0963855421687	0.349397590361
0.626506024096	0.156626506024	0.0602409638554	0.156626506024
0.590361445783	0.192771084337	0.0481927710843	0.168674698795
0.602409638554	0.0602409638554	0.0602409638554	0.277108433735
0.361445783133	0.132530120482	0.301204819277	0.204819277108
0.277108433735	0.33734939759	0.0361445783133	0.349397590361
0.144578313253	0.0361445783133	0.566265060241	0.253012048193
0.144578313253	0.710843373494	0.0481927710843	0.0963855421687
0.578313253012	0.0602409638554	0.0361445783133	0.325301204819
0.144578313253	0.120481927711	0.481927710843	0.253012048193
0.228915662651	0.289156626506	0.10843373494	0.373493975904
0.253012048193	0.156626506024	0.21686746988	0.373493975904

MOTIF Pfenning_D1pos_Nac_fold3_16.fwd
letter-probability matrix: alength= 4 w= 21 nsites= 45 E= 0
0.4	0.266666666667	0.244444444444	0.0888888888889
0.288888888889	0.177777777778	0.133333333333	0.4
0.311111111111	0.244444444444	0.155555555556	0.288888888889
0.244444444444	0.266666666667	0.2	0.288888888889
0.244444444444	0.266666666667	0.177777777778	0.311111111111
0.422222222222	0.177777777778	0.222222222222	0.177777777778
0.377777777778	0.111111111111	0.244444444444	0.266666666667
0.2	0.2	0.0888888888889	0.511111111111
0.222222222222	0.0666666666667	0.0888888888889	0.622222222222
0.111111111111	0.133333333333	0.0888888888889	0.666666666667
0.133333333333	0.0222222222222	0.0666666666667	0.777777777778
0.266666666667	0.222222222222	0.155555555556	0.355555555556
0.666666666667	0.133333333333	0.0666666666667	0.133333333333
0.511111111111	0.0666666666667	0.244444444444	0.177777777778
0.4	0.288888888889	0.0888888888889	0.222222222222
0.266666666667	0.244444444444	0.222222222222	0.266666666667
0.133333333333	0.6	0.133333333333	0.133333333333
0.2	0.111111111111	0.311111111111	0.377777777778
0.0222222222222	0.8	0.0666666666667	0.111111111111
0.355555555556	0.0888888888889	0.0222222222222	0.533333333333
0.0888888888889	0.133333333333	0.622222222222	0.155555555556

MOTIF Pfenning_D1pos_Nac_fold3_17.fwd
letter-probability matrix: alength= 4 w= 21 nsites= 37 E= 0
0.405405405405	0.135135135135	0.189189189189	0.27027027027
0.189189189189	0.216216216216	0.216216216216	0.378378378378
0.351351351351	0.216216216216	0.216216216216	0.216216216216
0.189189189189	0.243243243243	0.162162162162	0.405405405405
0.216216216216	0.297297297297	0.162162162162	0.324324324324
0.243243243243	0.324324324324	0.108108108108	0.324324324324
0.162162162162	0.162162162162	0.0810810810811	0.594594594595
0.162162162162	0.027027027027	0.027027027027	0.783783783784
0.135135135135	0.135135135135	0.108108108108	0.621621621622
0.108108108108	0.486486486486	0.108108108108	0.297297297297
0.513513513514	0.243243243243	0.0810810810811	0.162162162162
0.594594594595	0.108108108108	0.0540540540541	0.243243243243
0.459459459459	0.378378378378	0.135135135135	0.027027027027
0.378378378378	0.027027027027	0.432432432432	0.162162162162
0.243243243243	0.27027027027	0.27027027027	0.216216216216
0.135135135135	0.0	0.756756756757	0.108108108108
0.378378378378	0.432432432432	0.135135135135	0.0540540540541
0.459459459459	0.027027027027	0.243243243243	0.27027027027
0.378378378378	0.162162162162	0.216216216216	0.243243243243
0.351351351351	0.135135135135	0.135135135135	0.378378378378
0.243243243243	0.135135135135	0.216216216216	0.405405405405

