MEME version 4

ALPHABET= ACGT

strands: + -

Background letter frequencies (from unknown source)
A 0.250 C 0.250 G 0.250 T 0.250

MOTIF Pfenning_D2pos_Nac_fold5_1.fwd
letter-probability matrix: alength= 4 w= 21 nsites= 1114 E= 0
0.262118491921	0.182226211849	0.204667863555	0.350987432675
0.277378815081	0.224416517056	0.23249551167	0.265709156194
0.319569120287	0.182226211849	0.191202872531	0.307001795332
0.346499102334	0.173249551167	0.24236983842	0.237881508079
0.355475763016	0.177737881508	0.168761220826	0.29802513465
0.331238779174	0.202872531418	0.228904847397	0.236983842011
0.0628366247756	0.0152603231598	0.000897666068223	0.921005385996
0.00359066427289	0.008078994614	0.983842010772	0.00448833034111
0.684021543986	0.00987432675045	0.0179533213645	0.288150807899
0.00718132854578	0.991023339318	0.000897666068223	0.000897666068223
0.939856373429	0.0	0.0107719928187	0.0493716337522
0.126570915619	0.0718132854578	0.681328545781	0.120287253142
0.266606822262	0.270197486535	0.243267504488	0.219928186715
0.252244165171	0.160682226212	0.182226211849	0.404847396768
0.275583482944	0.199281867145	0.195691202873	0.329443447038
0.28276481149	0.228904847397	0.211849192101	0.276481149013
0.301615798923	0.222621184919	0.198384201077	0.277378815081
0.288150807899	0.182226211849	0.178635547576	0.350987432675
0.27289048474	0.187612208259	0.233393177738	0.306104129264
0.295332136445	0.195691202873	0.216337522442	0.292639138241
0.303411131059	0.169658886894	0.222621184919	0.304308797127

MOTIF Pfenning_D2pos_Nac_fold5_2.fwd
letter-probability matrix: alength= 4 w= 21 nsites= 1086 E= 0
0.301104972376	0.183241252302	0.293738489871	0.221915285451
0.27255985267	0.189686924494	0.293738489871	0.244014732965
0.279005524862	0.208103130755	0.29926335175	0.213627992634
0.310313075506	0.190607734807	0.265193370166	0.233885819521
0.295580110497	0.20073664825	0.29650092081	0.207182320442
0.244935543278	0.127992633517	0.26335174954	0.363720073665
0.194290976059	0.154696132597	0.557090239411	0.0939226519337
0.255985267035	0.165745856354	0.14364640884	0.434622467772
0.0101289134438	0.0036832412523	0.980662983425	0.00552486187845
0.0469613259669	0.00644567219153	0.222836095764	0.723756906077
0.249539594843	0.00276243093923	0.744014732965	0.0036832412523
0.00920810313076	0.000920810313076	0.978821362799	0.0110497237569
0.00276243093923	0.0073664825046	0.987108655617	0.00276243093923
0.417127071823	0.198895027624	0.0451197053407	0.338858195212
0.118784530387	0.0174953959484	0.737569060773	0.126151012891
0.0930018416206	0.0893186003683	0.588397790055	0.229281767956
0.271639042357	0.231123388582	0.290976058932	0.206261510129
0.318600368324	0.117863720074	0.294659300184	0.268876611418
0.277163904236	0.18876611418	0.298342541436	0.235727440147
0.27255985267	0.174953959484	0.28729281768	0.265193370166
0.27532228361	0.192449355433	0.300184162063	0.232044198895

MOTIF Pfenning_D2pos_Nac_fold5_3.fwd
letter-probability matrix: alength= 4 w= 21 nsites= 757 E= 0
0.396301188904	0.157199471598	0.146631439894	0.299867899604
0.25891677675	0.174372523118	0.331571994716	0.235138705416
0.394980184941	0.190224570674	0.130779392338	0.284015852048
0.266842800528	0.120211360634	0.273447820343	0.339498018494
0.221928665786	0.194187582563	0.137384412153	0.446499339498
0.187582562748	0.138705416116	0.117569352708	0.556142668428
0.178335535007	0.177014531044	0.0832232496697	0.56142668428
0.228533685601	0.117569352708	0.0488771466314	0.605019815059
0.167767503303	0.0845442536328	0.0594451783355	0.688243064729
0.0898282694848	0.0581241743725	0.0449141347424	0.8071334214
0.0673712021136	0.0660501981506	0.0409511228534	0.825627476882
0.0871862615588	0.0898282694848	0.0462351387054	0.776750330251
0.212681638045	0.121532364597	0.0885072655218	0.577278731836
0.331571994716	0.137384412153	0.0871862615588	0.443857331572
0.306472919419	0.132100396301	0.104359313078	0.457067371202
0.24570673712	0.167767503303	0.140026420079	0.446499339498
0.20607661823	0.434610303831	0.10964332893	0.249669749009
0.294583883752	0.159841479524	0.110964332893	0.434610303831
0.25891677675	0.195508586526	0.208718626156	0.336856010568
0.278731836196	0.225891677675	0.169088507266	0.326287978864
0.290620871863	0.204755614267	0.187582562748	0.317040951123

MOTIF Pfenning_D2pos_Nac_fold5_4.fwd
letter-probability matrix: alength= 4 w= 21 nsites= 668 E= 0
0.273952095808	0.266467065868	0.181137724551	0.278443113772
0.26497005988	0.223053892216	0.224550898204	0.287425149701
0.255988023952	0.199101796407	0.266467065868	0.278443113772
0.287425149701	0.212574850299	0.197604790419	0.302395209581
0.282934131737	0.269461077844	0.233532934132	0.214071856287
0.299401197605	0.149700598802	0.229041916168	0.321856287425
0.170658682635	0.464071856287	0.217065868263	0.148203592814
0.483532934132	0.0568862275449	0.064371257485	0.395209580838
0.0059880239521	0.00748502994012	0.959580838323	0.0269461077844
0.0	1.0	0.0	0.0
0.420658682635	0.0269461077844	0.0224550898204	0.52994011976
0.0718562874251	0.75	0.115269461078	0.062874251497
0.541916167665	0.0434131736527	0.0538922155689	0.360778443114
0.0179640718563	0.0329341317365	0.884730538922	0.064371257485
0.244011976048	0.444610778443	0.0853293413174	0.226047904192
0.350299401198	0.134730538922	0.239520958084	0.275449101796
0.22005988024	0.300898203593	0.182634730539	0.296407185629
0.308383233533	0.197604790419	0.221556886228	0.27245508982
0.22005988024	0.202095808383	0.297904191617	0.27994011976
0.287425149701	0.202095808383	0.211077844311	0.299401197605
0.288922155689	0.22005988024	0.218562874251	0.27245508982

MOTIF Pfenning_D2pos_Nac_fold5_5.fwd
letter-probability matrix: alength= 4 w= 21 nsites= 635 E= 0
0.291338582677	0.206299212598	0.244094488189	0.258267716535
0.277165354331	0.196850393701	0.223622047244	0.302362204724
0.299212598425	0.222047244094	0.222047244094	0.256692913386
0.314960629921	0.217322834646	0.2	0.267716535433
0.250393700787	0.251968503937	0.229921259843	0.267716535433
0.294488188976	0.152755905512	0.251968503937	0.300787401575
0.354330708661	0.251968503937	0.27874015748	0.114960629921
0.00787401574803	0.00944881889764	0.00157480314961	0.981102362205
0.00314960629921	0.00629921259843	0.807874015748	0.182677165354
0.993700787402	0.00314960629921	0.00157480314961	0.00157480314961
0.11968503937	0.0692913385827	0.662992125984	0.148031496063
0.00157480314961	0.0	0.00629921259843	0.992125984252
0.0409448818898	0.954330708661	0.00157480314961	0.00314960629921
0.988976377953	0.00157480314961	0.00629921259843	0.00314960629921
0.0393700787402	0.234645669291	0.190551181102	0.535433070866
0.289763779528	0.255118110236	0.152755905512	0.302362204724
0.247244094488	0.297637795276	0.185826771654	0.269291338583
0.259842519685	0.266141732283	0.181102362205	0.292913385827
0.242519685039	0.236220472441	0.226771653543	0.294488188976
0.245669291339	0.253543307087	0.185826771654	0.314960629921
0.28188976378	0.237795275591	0.192125984252	0.288188976378

MOTIF Pfenning_D2pos_Nac_fold5_6.fwd
letter-probability matrix: alength= 4 w= 21 nsites= 511 E= 0
0.256360078278	0.27397260274	0.225048923679	0.244618395303
0.230919765166	0.270058708415	0.228962818004	0.270058708415
0.254403131115	0.248532289628	0.225048923679	0.272015655577
0.289628180039	0.221135029354	0.242661448141	0.246575342466
0.217221135029	0.270058708415	0.240704500978	0.272015655577
0.268101761252	0.279843444227	0.189823874755	0.262230919765
0.207436399217	0.166340508806	0.363992172211	0.262230919765
0.219178082192	0.317025440313	0.205479452055	0.25831702544
0.27397260274	0.320939334638	0.185909980431	0.219178082192
0.225048923679	0.140900195695	0.397260273973	0.236790606654
0.197651663405	0.534246575342	0.14481409002	0.123287671233
0.448140900196	0.172211350294	0.0782778864971	0.301369863014
0.00782778864971	0.00195694716243	0.976516634051	0.013698630137
0.0391389432485	0.937377690802	0.00587084148728	0.0176125244618
0.47553816047	0.0743639921722	0.0567514677104	0.393346379648
0.0117416829746	0.0254403131115	0.945205479452	0.0176125244618
0.117416829746	0.714285714286	0.0391389432485	0.12915851272
0.211350293542	0.362035225049	0.187866927593	0.238747553816
0.230919765166	0.135029354207	0.199608610568	0.434442270059
0.103718199609	0.0880626223092	0.592954990215	0.215264187867
0.195694716243	0.412915851272	0.181996086106	0.20939334638

MOTIF Pfenning_D2pos_Nac_fold5_7.fwd
letter-probability matrix: alength= 4 w= 21 nsites= 500 E= 0
0.312	0.198	0.192	0.298
0.31	0.206	0.196	0.288
0.316	0.192	0.188	0.304
0.316	0.154	0.242	0.288
0.326	0.194	0.21	0.27
0.3	0.142	0.204	0.354
0.17	0.142	0.33	0.358
0.138	0.59	0.082	0.19
0.014	0.246	0.024	0.716
0.632	0.082	0.05	0.236
0.746	0.006	0.066	0.182
0.886	0.004	0.024	0.086
0.92	0.0	0.008	0.072
0.802	0.004	0.01	0.184
0.028	0.006	0.01	0.956
0.98	0.002	0.012	0.006
0.178	0.044	0.718	0.06
0.434	0.364	0.084	0.118
0.372	0.216	0.124	0.288
0.254	0.262	0.148	0.336
0.25	0.242	0.172	0.336

MOTIF Pfenning_D2pos_Nac_fold5_8.fwd
letter-probability matrix: alength= 4 w= 21 nsites= 392 E= 0
0.308673469388	0.168367346939	0.211734693878	0.311224489796
0.331632653061	0.188775510204	0.204081632653	0.275510204082
0.311224489796	0.18112244898	0.216836734694	0.290816326531
0.262755102041	0.170918367347	0.283163265306	0.283163265306
0.329081632653	0.216836734694	0.244897959184	0.209183673469
0.362244897959	0.0714285714286	0.186224489796	0.380102040816
0.178571428571	0.140306122449	0.505102040816	0.176020408163
0.344387755102	0.229591836735	0.135204081633	0.290816326531
0.492346938776	0.104591836735	0.219387755102	0.183673469388
0.130102040816	0.0816326530612	0.0867346938776	0.701530612245
0.887755102041	0.0535714285714	0.0382653061224	0.0204081632653
0.959183673469	0.00510204081633	0.00510204081633	0.030612244898
0.0612244897959	0.0102040816327	0.00255102040816	0.926020408163
0.0535714285714	0.030612244898	0.0714285714286	0.844387755102
0.724489795918	0.0688775510204	0.0357142857143	0.170918367347
0.122448979592	0.0892857142857	0.609693877551	0.178571428571
0.298469387755	0.492346938776	0.0816326530612	0.127551020408
0.446428571429	0.150510204082	0.119897959184	0.283163265306
0.229591836735	0.191326530612	0.214285714286	0.364795918367
0.22193877551	0.283163265306	0.196428571429	0.298469387755
0.260204081633	0.168367346939	0.214285714286	0.357142857143

MOTIF Pfenning_D2pos_Nac_fold5_9.fwd
letter-probability matrix: alength= 4 w= 21 nsites= 299 E= 0
0.344481605351	0.153846153846	0.183946488294	0.317725752508
0.257525083612	0.240802675585	0.244147157191	0.257525083612
0.150501672241	0.240802675585	0.14381270903	0.464882943144
0.197324414716	0.173913043478	0.394648829431	0.234113712375
0.341137123746	0.066889632107	0.334448160535	0.257525083612
0.137123745819	0.769230769231	0.0434782608696	0.0501672240803
0.0066889632107	0.976588628763	0.00334448160535	0.0133779264214
0.842809364548	0.0234113712375	0.0501672240803	0.0836120401338
0.0234113712375	0.638795986622	0.314381270903	0.0234113712375
0.177257525084	0.314381270903	0.0501672240803	0.458193979933
0.903010033445	0.0167224080268	0.0301003344482	0.0501672240803
0.0	0.0	0.996655518395	0.00334448160535
0.471571906355	0.0	0.521739130435	0.0066889632107
0.0234113712375	0.0066889632107	0.478260869565	0.491638795987
0.0133779264214	0.0	0.986622073579	0.0
0.0066889632107	0.00334448160535	0.939799331104	0.0501672240803
0.120401337793	0.775919732441	0.0133779264214	0.0903010033445
0.47491638796	0.0234113712375	0.464882943144	0.0367892976589
0.0936454849498	0.52508361204	0.311036789298	0.0702341137124
0.1872909699	0.311036789298	0.0802675585284	0.421404682274
0.421404682274	0.230769230769	0.264214046823	0.0836120401338

MOTIF Pfenning_D2pos_Nac_fold5_10.fwd
letter-probability matrix: alength= 4 w= 21 nsites= 251 E= 0
0.266932270916	0.219123505976	0.274900398406	0.239043824701
0.183266932271	0.298804780876	0.250996015936	0.266932270916
0.207171314741	0.211155378486	0.247011952191	0.334661354582
0.266932270916	0.211155378486	0.239043824701	0.282868525896
0.254980079681	0.215139442231	0.266932270916	0.262948207171
0.270916334661	0.207171314741	0.266932270916	0.254980079681
0.247011952191	0.366533864542	0.227091633466	0.159362549801
0.422310756972	0.107569721116	0.159362549801	0.310756972112
0.219123505976	0.346613545817	0.354581673307	0.0796812749004
0.466135458167	0.0956175298805	0.203187250996	0.235059760956
0.0478087649402	0.0318725099602	0.896414342629	0.0239043824701
0.681274900398	0.0438247011952	0.0278884462151	0.247011952191
0.00398406374502	0.0	0.988047808765	0.00796812749004
0.0438247011952	0.9203187251	0.0278884462151	0.00796812749004
0.585657370518	0.0278884462151	0.0	0.386454183267
0.0199203187251	0.0318725099602	0.91235059761	0.0358565737052
0.250996015936	0.490039840637	0.0478087649402	0.211155378486
0.302788844622	0.111553784861	0.306772908367	0.278884462151
0.274900398406	0.223107569721	0.219123505976	0.282868525896
0.286852589641	0.155378486056	0.286852589641	0.270916334661
0.207171314741	0.231075697211	0.334661354582	0.227091633466

MOTIF Pfenning_D2pos_Nac_fold5_11.fwd
letter-probability matrix: alength= 4 w= 21 nsites= 224 E= 0
0.209821428571	0.25	0.316964285714	0.223214285714
0.254464285714	0.308035714286	0.227678571429	0.209821428571
0.236607142857	0.232142857143	0.348214285714	0.183035714286
0.25	0.308035714286	0.223214285714	0.21875
0.254464285714	0.267857142857	0.290178571429	0.1875
0.205357142857	0.196428571429	0.433035714286	0.165178571429
0.223214285714	0.316964285714	0.25	0.209821428571
0.254464285714	0.294642857143	0.227678571429	0.223214285714
0.209821428571	0.165178571429	0.428571428571	0.196428571429
0.138392857143	0.553571428571	0.254464285714	0.0535714285714
0.464285714286	0.21875	0.09375	0.223214285714
0.0223214285714	0.0133928571429	0.950892857143	0.0133928571429
0.0580357142857	0.901785714286	0.00892857142857	0.03125
0.0758928571429	0.0223214285714	0.803571428571	0.0982142857143
0.129464285714	0.46875	0.147321428571	0.254464285714
0.0625	0.0580357142857	0.6875	0.191964285714
0.138392857143	0.433035714286	0.227678571429	0.200892857143
0.169642857143	0.245535714286	0.357142857143	0.227678571429
0.196428571429	0.236607142857	0.294642857143	0.272321428571
0.303571428571	0.174107142857	0.308035714286	0.214285714286
0.227678571429	0.21875	0.276785714286	0.276785714286

MOTIF Pfenning_D2pos_Nac_fold5_12.fwd
letter-probability matrix: alength= 4 w= 21 nsites= 170 E= 0
0.305882352941	0.217647058824	0.176470588235	0.3
0.311764705882	0.182352941176	0.258823529412	0.247058823529
0.305882352941	0.252941176471	0.164705882353	0.276470588235
0.288235294118	0.205882352941	0.217647058824	0.288235294118
0.229411764706	0.194117647059	0.241176470588	0.335294117647
0.288235294118	0.2	0.247058823529	0.264705882353
0.329411764706	0.241176470588	0.205882352941	0.223529411765
0.270588235294	0.264705882353	0.288235294118	0.176470588235
0.4	0.188235294118	0.117647058824	0.294117647059
0.211764705882	0.194117647059	0.494117647059	0.1
0.541176470588	0.0294117647059	0.305882352941	0.123529411765
0.00588235294118	0.00588235294118	0.976470588235	0.0117647058824
0.852941176471	0.0411764705882	0.0	0.105882352941
0.894117647059	0.0	0.0529411764706	0.0529411764706
0.0176470588235	0.929411764706	0.0294117647059	0.0235294117647
0.752941176471	0.00588235294118	0.0117647058824	0.229411764706
0.0705882352941	0.0823529411765	0.764705882353	0.0823529411765
0.382352941176	0.176470588235	0.0705882352941	0.370588235294
0.276470588235	0.141176470588	0.341176470588	0.241176470588
0.323529411765	0.176470588235	0.217647058824	0.282352941176
0.329411764706	0.223529411765	0.229411764706	0.217647058824

MOTIF Pfenning_D2pos_Nac_fold5_13.fwd
letter-probability matrix: alength= 4 w= 21 nsites= 164 E= 0
0.310975609756	0.213414634146	0.219512195122	0.256097560976
0.268292682927	0.274390243902	0.25	0.207317073171
0.237804878049	0.225609756098	0.262195121951	0.274390243902
0.25	0.286585365854	0.176829268293	0.286585365854
0.237804878049	0.274390243902	0.243902439024	0.243902439024
0.231707317073	0.237804878049	0.274390243902	0.256097560976
0.19512195122	0.34756097561	0.189024390244	0.268292682927
0.231707317073	0.189024390244	0.231707317073	0.34756097561
0.15243902439	0.146341463415	0.408536585366	0.292682926829
0.170731707317	0.542682926829	0.15243902439	0.134146341463
0.481707317073	0.0975609756098	0.0609756097561	0.359756097561
0.0182926829268	0.0365853658537	0.908536585366	0.0365853658537
0.0121951219512	0.957317073171	0.00609756097561	0.0243902439024
0.310975609756	0.44512195122	0.0182926829268	0.225609756098
0.158536585366	0.0853658536585	0.19512195122	0.560975609756
0.00609756097561	0.00609756097561	0.951219512195	0.0365853658537
0.0	0.957317073171	0.0	0.0426829268293
0.341463414634	0.15243902439	0.146341463415	0.359756097561
0.213414634146	0.231707317073	0.274390243902	0.280487804878
0.268292682927	0.140243902439	0.329268292683	0.262195121951
0.176829268293	0.268292682927	0.310975609756	0.243902439024

MOTIF Pfenning_D2pos_Nac_fold5_14.fwd
letter-probability matrix: alength= 4 w= 21 nsites= 130 E= 0
0.284615384615	0.138461538462	0.215384615385	0.361538461538
0.292307692308	0.246153846154	0.2	0.261538461538
0.369230769231	0.192307692308	0.223076923077	0.215384615385
0.276923076923	0.169230769231	0.238461538462	0.315384615385
0.269230769231	0.230769230769	0.246153846154	0.253846153846
0.207692307692	0.207692307692	0.353846153846	0.230769230769
0.3	0.223076923077	0.184615384615	0.292307692308
0.438461538462	0.138461538462	0.261538461538	0.161538461538
0.0	0.0	0.0	1.0
0.0	0.0	0.0153846153846	0.984615384615
0.976923076923	0.0230769230769	0.0	0.0
0.0230769230769	0.0307692307692	0.0153846153846	0.930769230769
0.0769230769231	0.0	0.915384615385	0.00769230769231
0.0538461538462	0.184615384615	0.0	0.761538461538
0.984615384615	0.0	0.0	0.0153846153846
0.976923076923	0.0	0.0153846153846	0.00769230769231
0.253846153846	0.361538461538	0.176923076923	0.207692307692
0.284615384615	0.223076923077	0.215384615385	0.276923076923
0.253846153846	0.2	0.246153846154	0.3
0.323076923077	0.192307692308	0.207692307692	0.276923076923
0.3	0.253846153846	0.223076923077	0.223076923077

MOTIF Pfenning_D2pos_Nac_fold5_15.fwd
letter-probability matrix: alength= 4 w= 21 nsites= 99 E= 0
0.343434343434	0.30303030303	0.141414141414	0.212121212121
0.292929292929	0.252525252525	0.212121212121	0.242424242424
0.222222222222	0.262626262626	0.191919191919	0.323232323232
0.282828282828	0.212121212121	0.191919191919	0.313131313131
0.20202020202	0.282828282828	0.232323232323	0.282828282828
0.262626262626	0.343434343434	0.151515151515	0.242424242424
0.343434343434	0.212121212121	0.222222222222	0.222222222222
0.232323232323	0.373737373737	0.131313131313	0.262626262626
0.232323232323	0.343434343434	0.141414141414	0.282828282828
0.212121212121	0.212121212121	0.262626262626	0.313131313131
0.191919191919	0.424242424242	0.10101010101	0.282828282828
0.131313131313	0.373737373737	0.161616161616	0.333333333333
0.242424242424	0.212121212121	0.0606060606061	0.484848484848
0.030303030303	0.888888888889	0.040404040404	0.040404040404
0.343434343434	0.0707070707071	0.0	0.585858585859
0.0	0.0	0.979797979798	0.020202020202
0.030303030303	0.959595959596	0.0	0.010101010101
0.363636363636	0.333333333333	0.010101010101	0.292929292929
0.141414141414	0.0505050505051	0.242424242424	0.565656565657
0.0909090909091	0.0909090909091	0.656565656566	0.161616161616
0.292929292929	0.424242424242	0.0606060606061	0.222222222222

MOTIF Pfenning_D2pos_Nac_fold5_16.fwd
letter-probability matrix: alength= 4 w= 21 nsites= 93 E= 0
0.225806451613	0.258064516129	0.193548387097	0.322580645161
0.182795698925	0.279569892473	0.247311827957	0.290322580645
0.150537634409	0.215053763441	0.290322580645	0.344086021505
0.204301075269	0.0215053763441	0.688172043011	0.0860215053763
0.0322580645161	0.150537634409	0.0537634408602	0.763440860215
0.161290322581	0.301075268817	0.0	0.537634408602
0.279569892473	0.0752688172043	0.354838709677	0.290322580645
0.0	0.913978494624	0.0	0.0860215053763
0.0	0.903225806452	0.0	0.0967741935484
0.774193548387	0.010752688172	0.0430107526882	0.172043010753
0.0967741935484	0.010752688172	0.010752688172	0.881720430108
0.279569892473	0.0	0.720430107527	0.0
0.0537634408602	0.0	0.94623655914	0.0
0.236559139785	0.559139784946	0.0430107526882	0.161290322581
0.89247311828	0.0	0.0645161290323	0.0430107526882
0.956989247312	0.0215053763441	0.0215053763441	0.0
0.0	0.978494623656	0.0	0.0215053763441
0.430107526882	0.344086021505	0.0967741935484	0.129032258065
0.311827956989	0.225806451613	0.301075268817	0.161290322581
0.279569892473	0.236559139785	0.290322580645	0.193548387097
0.301075268817	0.258064516129	0.193548387097	0.247311827957

MOTIF Pfenning_D2pos_Nac_fold5_17.fwd
letter-probability matrix: alength= 4 w= 21 nsites= 78 E= 0
0.294871794872	0.269230769231	0.141025641026	0.294871794872
0.448717948718	0.205128205128	0.153846153846	0.192307692308
0.294871794872	0.25641025641	0.166666666667	0.282051282051
0.282051282051	0.166666666667	0.294871794872	0.25641025641
0.179487179487	0.0897435897436	0.641025641026	0.0897435897436
0.102564102564	0.166666666667	0.0897435897436	0.641025641026
0.141025641026	0.217948717949	0.0384615384615	0.602564102564
0.25641025641	0.166666666667	0.333333333333	0.24358974359
0.0	0.987179487179	0.0	0.0128205128205
0.0512820512821	0.628205128205	0.0384615384615	0.282051282051
0.153846153846	0.025641025641	0.0	0.820512820513
0.628205128205	0.0	0.371794871795	0.0
0.0	0.0	1.0	0.0
0.0769230769231	0.897435897436	0.025641025641	0.0
0.987179487179	0.0	0.0128205128205	0.0
0.948717948718	0.025641025641	0.0128205128205	0.0128205128205
0.0128205128205	0.948717948718	0.0128205128205	0.025641025641
0.487179487179	0.294871794872	0.115384615385	0.102564102564
0.115384615385	0.141025641026	0.525641025641	0.217948717949
0.192307692308	0.461538461538	0.217948717949	0.128205128205
0.282051282051	0.320512820513	0.205128205128	0.192307692308

MOTIF Pfenning_D2pos_Nac_fold5_18.fwd
letter-probability matrix: alength= 4 w= 21 nsites= 80 E= 0
0.3625	0.1375	0.2125	0.2875
0.25	0.3	0.2375	0.2125
0.2875	0.2875	0.1625	0.2625
0.3625	0.075	0.2625	0.3
0.2375	0.4	0.2125	0.15
0.4625	0.0125	0.0875	0.4375
0.0375	0.025	0.825	0.1125
0.5	0.0625	0.0375	0.4
0.6375	0.0625	0.0375	0.2625
0.075	0.75	0.075	0.1
0.625	0.1	0.0125	0.2625
0.0	0.0	1.0	0.0
0.0125	0.975	0.0	0.0125
0.35	0.0125	0.05	0.5875
0.225	0.4	0.175	0.2
0.3625	0.1375	0.175	0.325
0.2	0.175	0.3625	0.2625
0.3125	0.2125	0.275	0.2
0.3	0.2125	0.2	0.2875
0.2125	0.2375	0.2125	0.3375
0.2	0.2375	0.2125	0.35

MOTIF Pfenning_D2pos_Nac_fold5_19.fwd
letter-probability matrix: alength= 4 w= 21 nsites= 50 E= 0
0.28	0.18	0.2	0.34
0.26	0.26	0.24	0.24
0.28	0.18	0.18	0.36
0.32	0.14	0.3	0.24
0.34	0.26	0.24	0.16
0.38	0.1	0.22	0.3
0.34	0.06	0.48	0.12
0.4	0.38	0.1	0.12
0.46	0.1	0.08	0.36
0.34	0.1	0.22	0.34
0.26	0.08	0.24	0.42
0.38	0.14	0.2	0.28
0.16	0.1	0.14	0.6
0.64	0.08	0.08	0.2
0.96	0.02	0.02	0.0
0.08	0.0	0.0	0.92
0.0	0.0	0.08	0.92
0.2	0.64	0.08	0.08
0.52	0.2	0.06	0.22
0.24	0.3	0.3	0.16
0.36	0.1	0.14	0.4

MOTIF Pfenning_D2pos_Nac_fold5_20.fwd
letter-probability matrix: alength= 4 w= 21 nsites= 43 E= 0
0.279069767442	0.139534883721	0.46511627907	0.116279069767
0.418604651163	0.186046511628	0.232558139535	0.162790697674
0.511627906977	0.0232558139535	0.395348837209	0.0697674418605
0.255813953488	0.255813953488	0.186046511628	0.302325581395
0.837209302326	0.093023255814	0.046511627907	0.0232558139535
0.953488372093	0.0	0.0	0.046511627907
0.046511627907	0.0	0.046511627907	0.906976744186
0.093023255814	0.0232558139535	0.046511627907	0.837209302326
0.302325581395	0.325581395349	0.116279069767	0.255813953488
0.255813953488	0.186046511628	0.116279069767	0.441860465116
0.162790697674	0.558139534884	0.116279069767	0.162790697674
0.162790697674	0.209302325581	0.209302325581	0.418604651163
0.162790697674	0.488372093023	0.116279069767	0.232558139535
0.372093023256	0.116279069767	0.162790697674	0.348837209302
0.279069767442	0.093023255814	0.325581395349	0.302325581395
0.279069767442	0.325581395349	0.209302325581	0.186046511628
0.395348837209	0.139534883721	0.116279069767	0.348837209302
0.325581395349	0.186046511628	0.186046511628	0.302325581395
0.441860465116	0.186046511628	0.0697674418605	0.302325581395
0.395348837209	0.116279069767	0.139534883721	0.348837209302
0.186046511628	0.139534883721	0.255813953488	0.418604651163

MOTIF Pfenning_D2pos_Nac_fold5_21.fwd
letter-probability matrix: alength= 4 w= 21 nsites= 45 E= 0
0.244444444444	0.311111111111	0.244444444444	0.2
0.266666666667	0.288888888889	0.155555555556	0.288888888889
0.177777777778	0.333333333333	0.155555555556	0.333333333333
0.177777777778	0.266666666667	0.133333333333	0.422222222222
0.155555555556	0.311111111111	0.2	0.333333333333
0.466666666667	0.155555555556	0.133333333333	0.244444444444
0.0	0.977777777778	0.0222222222222	0.0
0.6	0.0222222222222	0.155555555556	0.222222222222
0.0	0.0222222222222	0.933333333333	0.0444444444444
0.555555555556	0.0444444444444	0.111111111111	0.288888888889
0.644444444444	0.0444444444444	0.0666666666667	0.244444444444
0.0666666666667	0.733333333333	0.155555555556	0.0444444444444
0.511111111111	0.0444444444444	0.0222222222222	0.422222222222
0.0	0.0444444444444	0.933333333333	0.0222222222222
0.288888888889	0.333333333333	0.0444444444444	0.333333333333
0.377777777778	0.0666666666667	0.133333333333	0.422222222222
0.177777777778	0.488888888889	0.155555555556	0.177777777778
0.488888888889	0.177777777778	0.111111111111	0.222222222222
0.222222222222	0.222222222222	0.244444444444	0.311111111111
0.377777777778	0.244444444444	0.177777777778	0.2
0.2	0.133333333333	0.377777777778	0.288888888889

