MEME version 4

ALPHABET= ACGT

strands: + -

Background letter frequencies (from unknown source)
A 0.250 C 0.250 G 0.250 T 0.250

MOTIF Pfenning_D2pos_Nac_fold4_1.fwd
letter-probability matrix: alength= 4 w= 21 nsites= 755 E= 0
0.271523178808	0.222516556291	0.288741721854	0.217218543046
0.312582781457	0.185430463576	0.284768211921	0.217218543046
0.268874172185	0.17880794702	0.333774834437	0.218543046358
0.268874172185	0.218543046358	0.315231788079	0.197350993377
0.327152317881	0.149668874172	0.315231788079	0.207947019868
0.280794701987	0.2	0.361589403974	0.15761589404
0.213245033113	0.129801324503	0.278145695364	0.37880794702
0.205298013245	0.153642384106	0.52582781457	0.115231788079
0.264900662252	0.0662251655629	0.156291390728	0.512582781457
0.0105960264901	0.00397350993377	0.985430463576	0.0
0.0582781456954	0.00794701986755	0.268874172185	0.664900662252
0.206622516556	0.00794701986755	0.776158940397	0.00927152317881
0.00264900662252	0.00264900662252	0.984105960265	0.0105960264901
0.00132450331126	0.0	0.998675496689	0.0
0.413245033113	0.166887417219	0.0384105960265	0.381456953642
0.108609271523	0.00132450331126	0.805298013245	0.0847682119205
0.112582781457	0.0569536423841	0.634437086093	0.196026490066
0.280794701987	0.21059602649	0.317880794702	0.190728476821
0.35761589404	0.0927152317881	0.329801324503	0.219867549669
0.287417218543	0.16821192053	0.332450331126	0.211920529801
0.294039735099	0.190728476821	0.259602649007	0.255629139073

MOTIF Pfenning_D2pos_Nac_fold4_2.fwd
letter-probability matrix: alength= 4 w= 21 nsites= 692 E= 0
0.25	0.245664739884	0.261560693642	0.242774566474
0.24710982659	0.310693641618	0.231213872832	0.21098265896
0.244219653179	0.260115606936	0.18063583815	0.315028901734
0.235549132948	0.25289017341	0.255780346821	0.255780346821
0.21387283237	0.276011560694	0.254335260116	0.255780346821
0.226878612717	0.293352601156	0.229768786127	0.25
0.28901734104	0.245664739884	0.202312138728	0.263005780347
0.199421965318	0.117052023121	0.447976878613	0.235549132948
0.109826589595	0.695086705202	0.131502890173	0.0635838150289
0.426300578035	0.0505780346821	0.0505780346821	0.472543352601
0.021676300578	0.00722543352601	0.952312138728	0.0187861271676
0.0419075144509	0.940751445087	0.0014450867052	0.0158959537572
0.411849710983	0.0578034682081	0.0187861271676	0.511560693642
0.0505780346821	0.560693641618	0.328034682081	0.0606936416185
0.417630057803	0.104046242775	0.0780346820809	0.400289017341
0.0390173410405	0.0621387283237	0.82225433526	0.0765895953757
0.228323699422	0.465317919075	0.0910404624277	0.215317919075
0.260115606936	0.189306358382	0.254335260116	0.296242774566
0.236994219653	0.320809248555	0.187861271676	0.254335260116
0.261560693642	0.196531791908	0.28323699422	0.258670520231
0.208092485549	0.251445086705	0.254335260116	0.28612716763

MOTIF Pfenning_D2pos_Nac_fold4_3.fwd
letter-probability matrix: alength= 4 w= 21 nsites= 561 E= 0
0.31550802139	0.155080213904	0.24064171123	0.288770053476
0.329768270945	0.301247771836	0.158645276292	0.210338680927
0.370766488414	0.156862745098	0.208556149733	0.263814616756
0.245989304813	0.217468805704	0.269162210339	0.267379679144
0.297682709447	0.196078431373	0.133689839572	0.372549019608
0.201426024955	0.144385026738	0.201426024955	0.452762923351
0.146167557932	0.206773618538	0.0909090909091	0.55614973262
0.210338680927	0.163992869875	0.146167557932	0.479500891266
0.281639928699	0.24064171123	0.0677361853832	0.409982174688
0.126559714795	0.0588235294118	0.0142602495544	0.800356506239
0.0445632798574	0.0285204991087	0.00713012477718	0.919786096257
0.0231729055258	0.0213903743316	0.0106951871658	0.944741532977
0.0320855614973	0.0409982174688	0.0285204991087	0.898395721925
0.196078431373	0.222816399287	0.048128342246	0.532976827094
0.442067736185	0.133689839572	0.0891265597148	0.335115864528
0.381461675579	0.210338680927	0.096256684492	0.311942959002
0.379679144385	0.238859180036	0.0623885918004	0.319073083779
0.311942959002	0.176470588235	0.210338680927	0.301247771836
0.238859180036	0.24064171123	0.172905525847	0.347593582888
0.24064171123	0.201426024955	0.294117647059	0.263814616756
0.26559714795	0.267379679144	0.194295900178	0.272727272727

MOTIF Pfenning_D2pos_Nac_fold4_4.fwd
letter-probability matrix: alength= 4 w= 21 nsites= 556 E= 0
0.365107913669	0.210431654676	0.170863309353	0.253597122302
0.312949640288	0.185251798561	0.18345323741	0.318345323741
0.237410071942	0.219424460432	0.201438848921	0.341726618705
0.325539568345	0.197841726619	0.196043165468	0.280575539568
0.305755395683	0.188848920863	0.248201438849	0.257194244604
0.401079136691	0.221223021583	0.152877697842	0.224820143885
0.228417266187	0.181654676259	0.329136690647	0.260791366906
0.129496402878	0.670863309353	0.0809352517986	0.118705035971
0.0809352517986	0.0161870503597	0.0	0.902877697842
0.00179856115108	0.00539568345324	0.987410071942	0.00539568345324
0.336330935252	0.023381294964	0.0107913669065	0.629496402878
0.00539568345324	0.976618705036	0.0125899280576	0.00539568345324
0.919064748201	0.00359712230216	0.0143884892086	0.0629496402878
0.241007194245	0.19964028777	0.321942446043	0.237410071942
0.276978417266	0.124100719424	0.221223021583	0.377697841727
0.138489208633	0.361510791367	0.172661870504	0.327338129496
0.276978417266	0.185251798561	0.107913669065	0.429856115108
0.206834532374	0.26618705036	0.298561151079	0.228417266187
0.352517985612	0.242805755396	0.151079136691	0.253597122302
0.26618705036	0.208633093525	0.253597122302	0.271582733813
0.264388489209	0.23381294964	0.237410071942	0.264388489209

MOTIF Pfenning_D2pos_Nac_fold4_5.fwd
letter-probability matrix: alength= 4 w= 21 nsites= 360 E= 0
0.266666666667	0.202777777778	0.233333333333	0.297222222222
0.272222222222	0.194444444444	0.219444444444	0.313888888889
0.288888888889	0.225	0.177777777778	0.308333333333
0.313888888889	0.205555555556	0.211111111111	0.269444444444
0.3	0.2	0.2	0.3
0.263888888889	0.172222222222	0.322222222222	0.241666666667
0.322222222222	0.255555555556	0.219444444444	0.202777777778
0.341666666667	0.116666666667	0.327777777778	0.213888888889
0.322222222222	0.186111111111	0.255555555556	0.236111111111
0.316666666667	0.125	0.283333333333	0.275
0.311111111111	0.294444444444	0.136111111111	0.258333333333
0.0805555555556	0.0666666666667	0.0611111111111	0.791666666667
0.733333333333	0.113888888889	0.0527777777778	0.1
0.980555555556	0.0	0.0	0.0194444444444
0.05	0.0	0.00277777777778	0.947222222222
0.00555555555556	0.0138888888889	0.0277777777778	0.952777777778
0.433333333333	0.263888888889	0.075	0.227777777778
0.275	0.166666666667	0.236111111111	0.322222222222
0.186111111111	0.336111111111	0.233333333333	0.244444444444
0.313888888889	0.325	0.108333333333	0.252777777778
0.255555555556	0.155555555556	0.202777777778	0.386111111111

MOTIF Pfenning_D2pos_Nac_fold4_6.fwd
letter-probability matrix: alength= 4 w= 21 nsites= 346 E= 0
0.28901734104	0.222543352601	0.202312138728	0.28612716763
0.265895953757	0.196531791908	0.21676300578	0.320809248555
0.251445086705	0.205202312139	0.254335260116	0.28901734104
0.332369942197	0.234104046243	0.208092485549	0.225433526012
0.309248554913	0.205202312139	0.21676300578	0.268786127168
0.271676300578	0.21676300578	0.251445086705	0.260115606936
0.268786127168	0.236994219653	0.268786127168	0.225433526012
0.263005780347	0.161849710983	0.315028901734	0.260115606936
0.439306358382	0.251445086705	0.222543352601	0.0867052023121
0.0028901734104	0.0028901734104	0.0	0.994219653179
0.0028901734104	0.00578034682081	0.823699421965	0.167630057803
0.994219653179	0.0	0.0	0.00578034682081
0.0693641618497	0.0317919075145	0.852601156069	0.0462427745665
0.0	0.0	0.0	1.0
0.00578034682081	0.994219653179	0.0	0.0
0.991329479769	0.0	0.00867052023121	0.0
0.0375722543353	0.338150289017	0.21387283237	0.410404624277
0.28323699422	0.297687861272	0.147398843931	0.271676300578
0.219653179191	0.242774566474	0.219653179191	0.317919075145
0.173410404624	0.291907514451	0.248554913295	0.28612716763
0.239884393064	0.277456647399	0.21676300578	0.265895953757

MOTIF Pfenning_D2pos_Nac_fold4_7.fwd
letter-probability matrix: alength= 4 w= 21 nsites= 321 E= 0
0.218068535826	0.330218068536	0.233644859813	0.218068535826
0.208722741433	0.218068535826	0.317757009346	0.255451713396
0.18691588785	0.339563862928	0.295950155763	0.177570093458
0.267912772586	0.289719626168	0.218068535826	0.224299065421
0.214953271028	0.305295950156	0.286604361371	0.193146417445
0.289719626168	0.236760124611	0.261682242991	0.211838006231
0.0996884735202	0.121495327103	0.679127725857	0.0996884735202
0.118380062305	0.707165109034	0.16199376947	0.01246105919
0.392523364486	0.0996884735202	0.180685358255	0.327102803738
0.00934579439252	0.0436137071651	0.915887850467	0.0311526479751
0.00623052959502	0.97507788162	0.00934579439252	0.00934579439252
0.0342679127726	0.0623052959502	0.85046728972	0.0529595015576
0.155763239875	0.358255451713	0.214953271028	0.271028037383
0.109034267913	0.1246105919	0.626168224299	0.140186915888
0.165109034268	0.283489096573	0.408099688474	0.143302180685
0.274143302181	0.249221183801	0.305295950156	0.171339563863
0.218068535826	0.264797507788	0.308411214953	0.208722741433
0.230529595016	0.258566978193	0.330218068536	0.180685358255
0.258566978193	0.264797507788	0.267912772586	0.208722741433
0.193146417445	0.252336448598	0.289719626168	0.264797507788
0.242990654206	0.271028037383	0.271028037383	0.214953271028

MOTIF Pfenning_D2pos_Nac_fold4_8.fwd
letter-probability matrix: alength= 4 w= 21 nsites= 224 E= 0
0.285714285714	0.241071428571	0.21875	0.254464285714
0.285714285714	0.174107142857	0.241071428571	0.299107142857
0.299107142857	0.165178571429	0.267857142857	0.267857142857
0.285714285714	0.285714285714	0.214285714286	0.214285714286
0.370535714286	0.133928571429	0.200892857143	0.294642857143
0.200892857143	0.0758928571429	0.424107142857	0.299107142857
0.169642857143	0.473214285714	0.151785714286	0.205357142857
0.0714285714286	0.294642857143	0.0669642857143	0.566964285714
0.59375	0.0357142857143	0.0982142857143	0.272321428571
0.785714285714	0.0133928571429	0.09375	0.107142857143
0.991071428571	0.0	0.00892857142857	0.0
1.0	0.0	0.0	0.0
0.758928571429	0.00892857142857	0.00892857142857	0.223214285714
0.0267857142857	0.00892857142857	0.0223214285714	0.941964285714
0.852678571429	0.0223214285714	0.0625	0.0625
0.223214285714	0.0535714285714	0.59375	0.129464285714
0.285714285714	0.464285714286	0.116071428571	0.133928571429
0.330357142857	0.241071428571	0.133928571429	0.294642857143
0.254464285714	0.294642857143	0.160714285714	0.290178571429
0.236607142857	0.232142857143	0.209821428571	0.321428571429
0.191964285714	0.223214285714	0.227678571429	0.357142857143

MOTIF Pfenning_D2pos_Nac_fold4_9.fwd
letter-probability matrix: alength= 4 w= 21 nsites= 206 E= 0
0.266990291262	0.208737864078	0.199029126214	0.325242718447
0.359223300971	0.296116504854	0.169902912621	0.174757281553
0.0631067961165	0.266990291262	0.23786407767	0.432038834951
0.407766990291	0.106796116505	0.359223300971	0.126213592233
0.0582524271845	0.417475728155	0.398058252427	0.126213592233
0.0533980582524	0.354368932039	0.0242718446602	0.567961165049
0.0582524271845	0.0145631067961	0.81067961165	0.116504854369
0.0388349514563	0.941747572816	0.00485436893204	0.0145631067961
0.0	0.995145631068	0.0	0.00485436893204
0.470873786408	0.5	0.00970873786408	0.0194174757282
0.00485436893204	0.514563106796	0.0	0.480582524272
0.00485436893204	0.990291262136	0.0	0.00485436893204
0.0242718446602	0.0242718446602	0.00485436893204	0.946601941748
0.446601941748	0.0194174757282	0.344660194175	0.18932038835
0.0339805825243	0.315533980583	0.597087378641	0.0533980582524
0.0825242718447	0.0631067961165	0.0	0.854368932039
0.0	0.0	1.0	0.0
0.0533980582524	0.0339805825243	0.820388349515	0.0922330097087
0.135922330097	0.393203883495	0.0533980582524	0.417475728155
0.218446601942	0.393203883495	0.165048543689	0.223300970874
0.45145631068	0.106796116505	0.26213592233	0.179611650485

MOTIF Pfenning_D2pos_Nac_fold4_10.fwd
letter-probability matrix: alength= 4 w= 21 nsites= 179 E= 0
0.324022346369	0.234636871508	0.206703910615	0.234636871508
0.262569832402	0.223463687151	0.201117318436	0.312849162011
0.290502793296	0.184357541899	0.223463687151	0.301675977654
0.329608938547	0.150837988827	0.217877094972	0.301675977654
0.184357541899	0.234636871508	0.268156424581	0.312849162011
0.162011173184	0.217877094972	0.279329608939	0.340782122905
0.0949720670391	0.720670391061	0.0279329608939	0.156424581006
0.00558659217877	0.134078212291	0.00558659217877	0.854748603352
0.849162011173	0.0279329608939	0.0223463687151	0.100558659218
0.586592178771	0.0111731843575	0.0446927374302	0.357541899441
0.670391061453	0.0223463687151	0.072625698324	0.234636871508
0.804469273743	0.0167597765363	0.0111731843575	0.167597765363
0.575418994413	0.00558659217877	0.00558659217877	0.413407821229
0.0223463687151	0.0	0.0	0.977653631285
0.983240223464	0.0	0.0167597765363	0.0
0.0837988826816	0.0167597765363	0.860335195531	0.0391061452514
0.31843575419	0.469273743017	0.0949720670391	0.117318435754
0.374301675978	0.234636871508	0.0837988826816	0.307262569832
0.245810055866	0.22905027933	0.206703910615	0.31843575419
0.245810055866	0.284916201117	0.156424581006	0.312849162011
0.256983240223	0.240223463687	0.27374301676	0.22905027933

MOTIF Pfenning_D2pos_Nac_fold4_11.fwd
letter-probability matrix: alength= 4 w= 21 nsites= 167 E= 0
0.275449101796	0.251497005988	0.215568862275	0.25748502994
0.263473053892	0.281437125749	0.275449101796	0.179640718563
0.233532934132	0.25748502994	0.239520958084	0.269461077844
0.281437125749	0.0838323353293	0.520958083832	0.11377245509
0.131736526946	0.0479041916168	0.269461077844	0.550898203593
0.14371257485	0.281437125749	0.059880239521	0.51497005988
0.311377245509	0.059880239521	0.149700598802	0.479041916168
0.0778443113772	0.646706586826	0.173652694611	0.101796407186
0.0119760479042	0.916167664671	0.0	0.0718562874251
0.473053892216	0.287425149701	0.0239520958084	0.215568862275
0.0958083832335	0.0	0.0239520958084	0.880239520958
0.275449101796	0.0	0.718562874251	0.0059880239521
0.0299401197605	0.0	0.97005988024	0.0
0.233532934132	0.712574850299	0.0299401197605	0.0239520958084
0.97005988024	0.0	0.0299401197605	0.0
0.958083832335	0.0	0.0239520958084	0.0179640718563
0.0059880239521	0.988023952096	0.0	0.0059880239521
0.395209580838	0.347305389222	0.0898203592814	0.167664670659
0.275449101796	0.161676646707	0.443113772455	0.119760479042
0.245508982036	0.293413173653	0.293413173653	0.167664670659
0.341317365269	0.275449101796	0.131736526946	0.251497005988

MOTIF Pfenning_D2pos_Nac_fold4_12.fwd
letter-probability matrix: alength= 4 w= 21 nsites= 120 E= 0
0.341666666667	0.158333333333	0.275	0.225
0.216666666667	0.175	0.466666666667	0.141666666667
0.3	0.225	0.35	0.125
0.291666666667	0.266666666667	0.25	0.191666666667
0.3	0.216666666667	0.35	0.133333333333
0.275	0.241666666667	0.266666666667	0.216666666667
0.0833333333333	0.125	0.75	0.0416666666667
0.0166666666667	0.958333333333	0.0	0.025
0.0166666666667	0.0166666666667	0.966666666667	0.0
0.05	0.191666666667	0.366666666667	0.391666666667
0.1	0.0416666666667	0.825	0.0333333333333
0.0666666666667	0.05	0.85	0.0333333333333
0.05	0.0916666666667	0.85	0.00833333333333
0.291666666667	0.375	0.116666666667	0.216666666667
0.283333333333	0.075	0.416666666667	0.225
0.0583333333333	0.133333333333	0.691666666667	0.116666666667
0.275	0.308333333333	0.266666666667	0.15
0.266666666667	0.183333333333	0.275	0.275
0.233333333333	0.175	0.433333333333	0.158333333333
0.241666666667	0.233333333333	0.258333333333	0.266666666667
0.241666666667	0.275	0.266666666667	0.216666666667

MOTIF Pfenning_D2pos_Nac_fold4_13.fwd
letter-probability matrix: alength= 4 w= 21 nsites= 89 E= 0
0.258426966292	0.292134831461	0.213483146067	0.23595505618
0.202247191011	0.179775280899	0.348314606742	0.269662921348
0.258426966292	0.247191011236	0.303370786517	0.191011235955
0.23595505618	0.213483146067	0.337078651685	0.213483146067
0.202247191011	0.393258426966	0.247191011236	0.157303370787
0.269662921348	0.303370786517	0.191011235955	0.23595505618
0.38202247191	0.224719101124	0.292134831461	0.101123595506
0.359550561798	0.258426966292	0.112359550562	0.269662921348
0.0	0.0112359550562	0.966292134831	0.0224719101124
0.0	0.898876404494	0.0449438202247	0.0561797752809
0.561797752809	0.168539325843	0.0337078651685	0.23595505618
0.101123595506	0.0224719101124	0.640449438202	0.23595505618
0.0224719101124	0.0	0.955056179775	0.0224719101124
0.0674157303371	0.921348314607	0.0	0.0112359550562
0.595505617978	0.0224719101124	0.0786516853933	0.303370786517
0.0786516853933	0.0449438202247	0.797752808989	0.0786516853933
0.280898876404	0.415730337079	0.112359550562	0.191011235955
0.348314606742	0.23595505618	0.157303370787	0.258426966292
0.337078651685	0.224719101124	0.191011235955	0.247191011236
0.224719101124	0.202247191011	0.359550561798	0.213483146067
0.202247191011	0.393258426966	0.224719101124	0.179775280899

MOTIF Pfenning_D2pos_Nac_fold4_14.fwd
letter-probability matrix: alength= 4 w= 21 nsites= 78 E= 0
0.25641025641	0.25641025641	0.307692307692	0.179487179487
0.128205128205	0.230769230769	0.423076923077	0.217948717949
0.371794871795	0.269230769231	0.192307692308	0.166666666667
0.269230769231	0.153846153846	0.358974358974	0.217948717949
0.205128205128	0.25641025641	0.358974358974	0.179487179487
0.358974358974	0.179487179487	0.153846153846	0.307692307692
0.115384615385	0.128205128205	0.653846153846	0.102564102564
0.294871794872	0.448717948718	0.0897435897436	0.166666666667
0.0128205128205	0.0	0.987179487179	0.0
0.0512820512821	0.846153846154	0.0512820512821	0.0512820512821
0.358974358974	0.102564102564	0.115384615385	0.423076923077
0.128205128205	0.0512820512821	0.74358974359	0.0769230769231
0.0897435897436	0.551282051282	0.205128205128	0.153846153846
0.25641025641	0.423076923077	0.141025641026	0.179487179487
0.294871794872	0.0384615384615	0.153846153846	0.512820512821
0.025641025641	0.0512820512821	0.846153846154	0.0769230769231
0.0897435897436	0.794871794872	0.0641025641026	0.0512820512821
0.435897435897	0.0897435897436	0.166666666667	0.307692307692
0.333333333333	0.217948717949	0.24358974359	0.205128205128
0.192307692308	0.230769230769	0.410256410256	0.166666666667
0.179487179487	0.282051282051	0.294871794872	0.24358974359

MOTIF Pfenning_D2pos_Nac_fold4_15.fwd
letter-probability matrix: alength= 4 w= 21 nsites= 55 E= 0
0.436363636364	0.181818181818	0.181818181818	0.2
0.236363636364	0.145454545455	0.290909090909	0.327272727273
0.290909090909	0.181818181818	0.309090909091	0.218181818182
0.290909090909	0.181818181818	0.272727272727	0.254545454545
0.254545454545	0.290909090909	0.272727272727	0.181818181818
0.327272727273	0.163636363636	0.254545454545	0.254545454545
0.290909090909	0.2	0.381818181818	0.127272727273
0.0	0.0	0.0	1.0
0.0181818181818	0.0	0.0	0.981818181818
0.872727272727	0.0	0.109090909091	0.0181818181818
0.0	0.945454545455	0.0	0.0545454545455
0.945454545455	0.0	0.0363636363636	0.0181818181818
0.0	0.0363636363636	0.0	0.963636363636
0.981818181818	0.0	0.0	0.0181818181818
1.0	0.0	0.0	0.0
0.181818181818	0.309090909091	0.181818181818	0.327272727273
0.218181818182	0.290909090909	0.236363636364	0.254545454545
0.254545454545	0.363636363636	0.181818181818	0.2
0.309090909091	0.0909090909091	0.236363636364	0.363636363636
0.254545454545	0.363636363636	0.127272727273	0.254545454545
0.4	0.181818181818	0.163636363636	0.254545454545

